0.0001 9.999e-05 9.999e-05
0.00161881 0.00161619 0.00161619
0.00284758 0.00283948 0.00283949
0.0040257 0.00400952 0.00400953
0.00515907 0.00513251 0.00513252
0.00625914 0.00622007 0.00622009
0.00733559 0.00728196 0.00728198
0.00839551 0.00832529 0.00832532
0.00944388 0.00935508 0.00935511
0.0104842 0.0103748 0.0103748
0.0115187 0.0113868 0.0113868
0.0125492 0.0123927 0.0123928
0.0135768 0.0133937 0.0133937
0.0146023 0.0143905 0.0143906
0.0156261 0.0153838 0.0153839
0.0166488 0.0163739 0.0163739
0.0176706 0.017361 0.0173611
0.0186917 0.0183455 0.0183456
0.0197123 0.0193275 0.0193276
0.0207325 0.020307 0.0203071
0.0217524 0.0212843 0.0212844
0.0227721 0.0222593 0.0222594
0.0237916 0.0232322 0.0232323
0.024811 0.0242029 0.024203
0.0258303 0.0251716 0.0251717
0.0268496 0.0261382 0.0261383
0.0278689 0.0271028 0.0271029
0.0288882 0.0280655 0.0280656
0.0299075 0.0290262 0.0290263
0.0309269 0.029985 0.0299851
0.0319464 0.0309418 0.030942
0.032966 0.0318968 0.0318969
0.0339857 0.0328499 0.03285
0.0350055 0.0338011 0.0338013
0.0360254 0.0347505 0.0347507
0.0370455 0.0356981 0.0356982
0.0380657 0.0366438 0.0366439
0.0390861 0.0375877 0.0375878
0.0401067 0.0385298 0.03853
0.0411274 0.0394701 0.0394703
0.0421484 0.0404086 0.0404088
0.0431695 0.0413454 0.0413455
0.0441908 0.0422803 0.0422805
0.0452123 0.0432135 0.0432137
0.0462341 0.044145 0.0441452
0.0472561 0.0450747 0.0450749
0.0482782 0.0460026 0.0460028
0.0493007 0.0469289 0.046929
0.0503233 0.0478533 0.0478535
0.0513462 0.0487761 0.0487763
0.0523693 0.0496971 0.0496973
0.0533927 0.0506164 0.0506167
0.0544163 0.0515341 0.0515343
0.0554401 0.05245 0.0524502
0.0564642 0.0533642 0.0533644
0.0574886 0.0542767 0.0542769
0.0585132 0.0551875 0.0551877
0.0595381 0.0560966 0.0560968
0.0605633 0.057004 0.0570043
0.0615887 0.0579098 0.05791
0.0626144 0.0588138 0.0588141
0.0636404 0.0597162 0.0597165
0.0646667 0.060617 0.0606172
0.0656932 0.061516 0.0615163
0.06672 0.0624134 0.0624137
0.0677471 0.0633092 0.0633095
0.0687745 0.0642033 0.0642036
0.0698022 0.0650957 0.065096
0.0708301 0.0659865 0.0659868
0.0718584 0.0668756 0.0668759
0.072887 0.0677632 0.0677634
0.0739158 0.068649 0.0686493
0.074945 0.0695332 0.0695335
0.0759744 0.0704158 0.0704161
0.0770042 0.0712968 0.0712971
0.0780343 0.0721761 0.0721764
0.0790646 0.0730538 0.0730542
0.0800953 0.0739299 0.0739303
0.0811263 0.0748044 0.0748047
0.0821576 0.0756773 0.0756776
0.0831893 0.0765485 0.0765488
0.0842212 0.0774181 0.0774185
0.0852535 0.0782862 0.0782865
0.0862861 0.0791526 0.0791529
0.087319 0.0800174 0.0800178
0.0883522 0.0808806 0.080881
0.0893858 0.0817423 0.0817426
0.0904196 0.0826023 0.0826027
0.0914539 0.0834607 0.0834611
0.0924884 0.0843176 0.084318
0.0935233 0.0851729 0.0851732
0.0945585 0.0860265 0.0860269
0.0955941 0.0868786 0.086879
0.0966299 0.0877292 0.0877295
0.0976662 0.0885781 0.0885785
0.0987027 0.0894255 0.0894259
0.0997397 0.0902713 0.0902717
0.100777 0.0911155 0.0911159
0.101815 0.0919582 0.0919586
0.102852 0.0927993 0.0927997
0.103891 0.0936388 0.0936392
0.104929 0.0944768 0.0944772
0.105968 0.0953132 0.0953136
0.107008 0.0961481 0.0961485
0.108048 0.0969814 0.0969818
0.109088 0.0978131 0.0978136
0.110128 0.0986434 0.0986438
0.111169 0.099472 0.0994725
0.11221 0.100299 0.1003
0.113251 0.101125 0.101125
0.114293 0.101949 0.101949
0.115336 0.102771 0.102772
0.116378 0.103592 0.103593
0.117421 0.104412 0.104412
0.118465 0.10523 0.10523
0.119508 0.106046 0.106047
0.120552 0.106861 0.106861
0.121597 0.107674 0.107675
0.122642 0.108486 0.108487
0.123687 0.109296 0.109297
0.124733 0.110105 0.110106
0.125779 0.110912 0.110913
0.126825 0.111718 0.111719
0.127872 0.112522 0.112523
0.128919 0.113325 0.113326
0.129967 0.114126 0.114127
0.131014 0.114926 0.114927
0.132063 0.115724 0.115725
0.133111 0.116521 0.116521
0.134161 0.117316 0.117317
0.13521 0.11811 0.11811
0.13626 0.118902 0.118903
0.13731 0.119693 0.119693
0.138361 0.120482 0.120483
0.139412 0.12127 0.12127
0.140464 0.122056 0.122057
0.141516 0.122841 0.122841
0.142568 0.123624 0.123625
0.143621 0.124406 0.124407
0.144674 0.125186 0.125187
0.145727 0.125965 0.125966
0.146781 0.126743 0.126743
0.147836 0.127518 0.127519
0.148891 0.128293 0.128294
0.149946 0.129066 0.129067
0.151001 0.129837 0.129838
0.152057 0.130607 0.130608
0.153114 0.131376 0.131377
0.154171 0.132143 0.132144
0.155228 0.132909 0.132909
0.156286 0.133673 0.133674
0.157344 0.134436 0.134436
0.158403 0.135197 0.135198
0.159462 0.135957 0.135958
0.160521 0.136715 0.136716
0.161581 0.137472 0.137473
0.162642 0.138228 0.138228
0.163702 0.138982 0.138982
0.164764 0.139734 0.139735
0.165825 0.140486 0.140486
0.166887 0.141235 0.141236
0.16795 0.141984 0.141984
0.169013 0.14273 0.142731
0.170077 0.143476 0.143477
0.17114 0.14422 0.144221
0.172205 0.144962 0.144963
0.17327 0.145704 0.145704
0.174335 0.146443 0.146444
0.175401 0.147182 0.147182
0.176467 0.147918 0.147919
0.177534 0.148654 0.148655
0.178601 0.149388 0.149389
0.179668 0.150121 0.150121
0.180736 0.150852 0.150853
0.181805 0.151582 0.151582
0.182874 0.15231 0.152311
0.183943 0.153037 0.153038
0.185013 0.153762 0.153763
0.186084 0.154487 0.154487
0.187155 0.155209 0.15521
0.188226 0.155931 0.155932
0.189298 0.156651 0.156651
0.19037 0.157369 0.15737
0.191443 0.158086 0.158087
0.192516 0.158802 0.158803
0.19359 0.159516 0.159517
0.194664 0.160229 0.16023
0.195739 0.160941 0.160942
0.196814 0.161651 0.161652
0.19789 0.16236 0.162361
0.198966 0.163067 0.163068
0.200043 0.163773 0.163774
0.20112 0.164478 0.164479
0.202198 0.165181 0.165182
0.203276 0.165883 0.165884
0.204355 0.166584 0.166585
0.205434 0.167283 0.167284
0.206514 0.167981 0.167982
0.207594 0.168677 0.168678
0.208675 0.169372 0.169373
0.209756 0.170066 0.170067
0.210838 0.170758 0.170759
0.21192 0.171449 0.17145
0.213003 0.172138 0.172139
0.214087 0.172827 0.172828
0.215171 0.173513 0.173514
0.216255 0.174199 0.1742
0.21734 0.174883 0.174884
0.218425 0.175566 0.175567
0.219511 0.176247 0.176248
0.220598 0.176927 0.176928
0.221685 0.177606 0.177607
0.222773 0.178283 0.178284
0.223861 0.178959 0.17896
0.224949 0.179634 0.179635
0.226039 0.180307 0.180308
0.227128 0.180979 0.18098
0.228219 0.18165 0.181651
0.22931 0.182319 0.18232
0.230401 0.182987 0.182988
0.231493 0.183654 0.183655
0.232586 0.184319 0.18432
0.233679 0.184983 0.184984
0.234772 0.185645 0.185646
0.235867 0.186307 0.186308
0.236961 0.186967 0.186968
0.238057 0.187625 0.187626
0.239153 0.188283 0.188284
0.240249 0.188938 0.18894
0.241346 0.189593 0.189594
0.242444 0.190246 0.190247
0.243542 0.190898 0.190899
0.244641 0.191549 0.19155
0.24574 0.192198 0.1922
0.24684 0.192847 0.192848
0.24794 0.193493 0.193494
0.249042 0.194139 0.19414
0.250143 0.194783 0.194784
0.251245 0.195426 0.195427
0.252348 0.196067 0.196068
0.253452 0.196707 0.196708
0.254556 0.197346 0.197347
0.255661 0.197984 0.197985
0.256766 0.19862 0.198621
0.257872 0.199255 0.199256
0.258978 0.199889 0.19989
0.260085 0.200521 0.200522
0.261193 0.201152 0.201153
0.262301 0.201782 0.201783
0.26341 0.20241 0.202411
0.26452 0.203037 0.203038
0.26563 0.203663 0.203664
0.26674 0.204288 0.204289
0.267852 0.204911 0.204912
0.268964 0.205533 0.205534
0.270076 0.206154 0.206155
0.27119 0.206773 0.206775
0.272304 0.207392 0.207393
0.273418 0.208008 0.20801
0.274533 0.208624 0.208625
0.275649 0.209238 0.20924
0.276766 0.209851 0.209853
0.277883 0.210463 0.210464
0.279 0.211074 0.211075
0.280119 0.211683 0.211684
0.281238 0.212291 0.212292
0.282358 0.212897 0.212899
0.283478 0.213503 0.213504
0.284599 0.214107 0.214108
0.285721 0.21471 0.214711
0.286843 0.215312 0.215313
0.287966 0.215912 0.215913
0.289089 0.216511 0.216512
0.290214 0.217109 0.21711
0.291339 0.217705 0.217707
0.292464 0.218301 0.218302
0.293591 0.218895 0.218896
0.294718 0.219487 0.219489
0.295846 0.220079 0.22008
0.296974 0.220669 0.22067
0.298103 0.221258 0.221259
0.299233 0.221846 0.221847
0.300363 0.222432 0.222434
0.301494 0.223018 0.223019
0.302626 0.223602 0.223603
0.303759 0.224184 0.224186
0.304892 0.224766 0.224767
0.306026 0.225346 0.225348
0.307161 0.225925 0.225927
0.308296 0.226503 0.226504
0.309432 0.22708 0.227081
0.310569 0.227655 0.227656
0.311706 0.228229 0.22823
0.312845 0.228802 0.228803
0.313984 0.229373 0.229375
0.315123 0.229944 0.229945
0.316264 0.230513 0.230514
0.317405 0.231081 0.231082
0.318547 0.231647 0.231649
0.319689 0.232213 0.232214
0.320833 0.232777 0.232778
0.321977 0.23334 0.233341
0.323122 0.233902 0.233903
0.324267 0.234462 0.234464
0.325414 0.235022 0.235023
0.326561 0.23558 0.235581
0.327709 0.236137 0.236138
0.328857 0.236692 0.236694
0.330007 0.237247 0.237248
0.331157 0.2378 0.237801
0.332308 0.238352 0.238353
0.333459 0.238902 0.238904
0.334612 0.239452 0.239453
0.335765 0.24 0.240002
0.336919 0.240547 0.240549
0.338074 0.241093 0.241095
0.339229 0.241638 0.241639
0.340386 0.242181 0.242183
0.341543 0.242724 0.242725
0.342701 0.243265 0.243266
0.343859 0.243805 0.243806
0.345019 0.244343 0.244345
0.346179 0.244881 0.244882
0.34734 0.245417 0.245418
0.348502 0.245952 0.245954
0.349665 0.246486 0.246487
0.350829 0.247018 0.24702
0.351993 0.24755 0.247551
0.353158 0.24808 0.248082
0.354324 0.248609 0.248611
0.355491 0.249137 0.249138
0.356659 0.249664 0.249665
0.357827 0.250189 0.250191
0.358996 0.250713 0.250715
0.360167 0.251236 0.251238
0.361338 0.251758 0.25176
0.36251 0.252279 0.25228
0.363682 0.252798 0.2528
0.364856 0.253317 0.253318
0.36603 0.253834 0.253835
0.367205 0.25435 0.254351
0.368382 0.254864 0.254866
0.369559 0.255378 0.255379
0.370736 0.25589 0.255892
0.371915 0.256401 0.256403
0.373095 0.256911 0.256913
0.374275 0.25742 0.257422
0.375456 0.257928 0.257929
0.376639 0.258434 0.258436
0.377822 0.258939 0.258941
0.379006 0.259444 0.259445
0.380191 0.259946 0.259948
0.381376 0.260448 0.26045
0.382563 0.260949 0.26095
0.383751 0.261448 0.26145
0.384939 0.261946 0.261948
0.386129 0.262443 0.262445
0.387319 0.262939 0.262941
0.38851 0.263434 0.263436
0.389702 0.263927 0.263929
0.390895 0.26442 0.264422
0.392089 0.264911 0.264913
0.393284 0.265401 0.265403
0.39448 0.26589 0.265892
0.395677 0.266377 0.266379
0.396875 0.266864 0.266866
0.398073 0.267349 0.267351
0.399273 0.267833 0.267835
0.400473 0.268317 0.268318
0.401675 0.268798 0.2688
0.402877 0.269279 0.269281
0.404081 0.269759 0.26976
0.405285 0.270237 0.270239
0.406491 0.270714 0.270716
0.407697 0.27119 0.271192
0.408904 0.271665 0.271667
0.410113 0.272139 0.272141
0.411322 0.272611 0.272613
0.412532 0.273083 0.273085
0.413743 0.273553 0.273555
0.414956 0.274022 0.274024
0.416169 0.27449 0.274492
0.417383 0.274957 0.274959
0.418598 0.275423 0.275425
0.419815 0.275887 0.275889
0.421032 0.27635 0.276352
0.42225 0.276813 0.276815
0.423469 0.277274 0.277276
0.42469 0.277734 0.277736
0.425911 0.278192 0.278194
0.427134 0.27865 0.278652
0.428357 0.279106 0.279108
0.429581 0.279562 0.279564
0.430807 0.280016 0.280018
0.432033 0.280469 0.280471
0.433261 0.280921 0.280923
0.43449 0.281371 0.281373
0.435719 0.281821 0.281823
0.43695 0.282269 0.282271
0.438182 0.282717 0.282719
0.439415 0.283163 0.283165
0.440649 0.283608 0.28361
0.441884 0.284052 0.284054
0.44312 0.284494 0.284496
0.444357 0.284936 0.284938
0.445596 0.285376 0.285379
0.446835 0.285816 0.285818
0.448076 0.286254 0.286256
0.449317 0.286691 0.286693
0.45056 0.287127 0.287129
0.451804 0.287562 0.287564
0.453049 0.287995 0.287997
0.454295 0.288428 0.28843
0.455542 0.288859 0.288861
0.456791 0.289289 0.289291
0.45804 0.289718 0.28972
0.459291 0.290146 0.290148
0.460542 0.290573 0.290575
0.461795 0.290999 0.291001
0.463049 0.291423 0.291425
0.464304 0.291847 0.291849
0.465561 0.292269 0.292271
0.466818 0.29269 0.292692
0.468077 0.29311 0.293112
0.469337 0.293529 0.293531
0.470598 0.293947 0.293949
0.47186 0.294363 0.294366
0.473124 0.294779 0.294781
0.474388 0.295193 0.295195
0.475654 0.295606 0.295609
0.476921 0.296019 0.296021
0.478189 0.29643 0.296432
0.479458 0.296839 0.296842
0.480729 0.297248 0.29725
0.482001 0.297656 0.297658
0.483274 0.298062 0.298064
0.484548 0.298467 0.29847
0.485824 0.298872 0.298874
0.4871 0.299275 0.299277
0.488378 0.299677 0.299679
0.489658 0.300078 0.30008
0.490938 0.300477 0.30048
0.49222 0.300876 0.300878
0.493503 0.301273 0.301276
0.494787 0.30167 0.301672
0.496073 0.302065 0.302067
0.497359 0.302459 0.302461
0.498647 0.302852 0.302854
0.499937 0.303244 0.303246
0.501227 0.303634 0.303637
0.502519 0.304024 0.304026
0.503813 0.304413 0.304415
0.505107 0.3048 0.304802
0.506403 0.305186 0.305189
0.5077 0.305571 0.305574
0.508999 0.305955 0.305958
0.510298 0.306338 0.30634
0.511599 0.30672 0.306722
0.512902 0.3071 0.307103
0.514206 0.30748 0.307482
0.515511 0.307858 0.307861
0.516817 0.308235 0.308238
0.518125 0.308612 0.308614
0.519434 0.308987 0.308989
0.520745 0.309361 0.309363
0.522057 0.309733 0.309736
0.52337 0.310105 0.310107
0.524685 0.310475 0.310478
0.526001 0.310845 0.310847
0.527318 0.311213 0.311216
0.528637 0.31158 0.311583
0.529957 0.311946 0.311949
0.531279 0.312311 0.312314
0.532602 0.312675 0.312678
0.533927 0.313038 0.31304
0.535253 0.313399 0.313402
0.53658 0.31376 0.313762
0.537909 0.314119 0.314122
0.539239 0.314477 0.31448
0.54057 0.314834 0.314837
0.541904 0.31519 0.315193
0.543238 0.315545 0.315548
0.544574 0.315899 0.315901
0.545912 0.316251 0.316254
0.547251 0.316603 0.316605
0.548591 0.316953 0.316956
0.549933 0.317302 0.317305
0.551276 0.31765 0.317653
0.552621 0.317997 0.318
0.553968 0.318343 0.318346
0.555315 0.318688 0.318691
0.556665 0.319032 0.319034
0.558016 0.319374 0.319377
0.559368 0.319715 0.319718
0.560722 0.320056 0.320058
0.562078 0.320395 0.320397
0.563435 0.320733 0.320735
0.564793 0.32107 0.321072
0.566153 0.321405 0.321408
0.567515 0.32174 0.321743
0.568878 0.322073 0.322076
0.570243 0.322406 0.322409
0.57161 0.322737 0.32274
0.572978 0.323067 0.32307
0.574347 0.323396 0.323399
0.575718 0.323724 0.323727
0.577091 0.324051 0.324054
0.578466 0.324376 0.324379
0.579842 0.324701 0.324704
0.581219 0.325024 0.325027
0.582598 0.325346 0.325349
0.583979 0.325668 0.325671
0.585362 0.325988 0.325991
0.586746 0.326306 0.326309
0.588132 0.326624 0.326627
0.589519 0.326941 0.326944
0.590908 0.327256 0.327259
0.592299 0.327571 0.327574
0.593692 0.327884 0.327887
0.595086 0.328196 0.328199
0.596482 0.328507 0.32851
0.597879 0.328817 0.32882
0.599278 0.329125 0.329128
0.600679 0.329433 0.329436
0.602082 0.329739 0.329742
0.603486 0.330045 0.330048
0.604892 0.330349 0.330352
0.6063 0.330652 0.330655
0.60771 0.330954 0.330957
0.609121 0.331254 0.331258
0.610534 0.331554 0.331557
0.611949 0.331853 0.331856
0.613366 0.33215 0.332153
0.614784 0.332446 0.332449
0.616204 0.332741 0.332744
0.617626 0.333035 0.333038
0.61905 0.333328 0.333331
0.620476 0.333619 0.333623
0.621903 0.33391 0.333913
0.623332 0.334199 0.334203
0.624763 0.334488 0.334491
0.626196 0.334775 0.334778
0.627631 0.335061 0.335064
0.629067 0.335345 0.335349
0.630506 0.335629 0.335632
0.631946 0.335912 0.335915
0.633388 0.336193 0.336196
0.634832 0.336473 0.336476
0.636278 0.336752 0.336756
0.637725 0.33703 0.337034
0.639175 0.337307 0.33731
0.640627 0.337583 0.337586
0.64208 0.337857 0.33786
0.643535 0.33813 0.338134
0.644993 0.338403 0.338406
0.646452 0.338674 0.338677
0.647913 0.338944 0.338947
0.649376 0.339212 0.339216
0.650841 0.33948 0.339483
0.652308 0.339746 0.33975
0.653777 0.340011 0.340015
0.655248 0.340276 0.340279
0.656721 0.340539 0.340542
0.658196 0.3408 0.340804
0.659673 0.341061 0.341064
0.661152 0.34132 0.341324
0.662633 0.341579 0.341582
0.664116 0.341836 0.341839
0.665601 0.342092 0.342095
0.667088 0.342347 0.34235
0.668577 0.3426 0.342604
0.670069 0.342853 0.342856
0.671562 0.343104 0.343108
0.673057 0.343354 0.343358
0.674554 0.343603 0.343607
0.676054 0.343851 0.343855
0.677556 0.344098 0.344101
0.679059 0.344343 0.344347
0.680565 0.344587 0.344591
0.682073 0.344831 0.344834
0.683583 0.345072 0.345076
0.685095 0.345313 0.345317
0.68661 0.345553 0.345557
0.688126 0.345791 0.345795
0.689645 0.346028 0.346032
0.691166 0.346265 0.346268
0.692689 0.346499 0.346503
0.694214 0.346733 0.346737
0.695741 0.346966 0.346969
0.697271 0.347197 0.347201
0.698803 0.347427 0.347431
0.700337 0.347656 0.34766
0.701873 0.347884 0.347888
0.703411 0.34811 0.348114
0.704952 0.348336 0.34834
0.706495 0.34856 0.348564
0.70804 0.348783 0.348787
0.709588 0.349005 0.349009
0.711138 0.349225 0.349229
0.71269 0.349445 0.349449
0.714244 0.349663 0.349667
0.715801 0.34988 0.349884
0.71736 0.350096 0.3501
0.718922 0.35031 0.350314
0.720485 0.350524 0.350528
0.722052 0.350736 0.35074
0.72362 0.350947 0.350951
0.725191 0.351157 0.351161
0.726764 0.351365 0.351369
0.72834 0.351573 0.351577
0.729918 0.351779 0.351783
0.731498 0.351984 0.351988
0.733081 0.352187 0.352192
0.734666 0.35239 0.352394
0.736254 0.352591 0.352595
0.737844 0.352791 0.352795
0.739437 0.35299 0.352994
0.741032 0.353188 0.353192
0.742629 0.353384 0.353388
0.744229 0.353579 0.353584
0.745832 0.353773 0.353778
0.747437 0.353966 0.35397
0.749044 0.354158 0.354162
0.750654 0.354348 0.354352
0.752267 0.354537 0.354541
0.753882 0.354725 0.354729
0.755499 0.354911 0.354915
0.75712 0.355097 0.355101
0.758742 0.355281 0.355285
0.760368 0.355463 0.355468
0.761996 0.355645 0.355649
0.763626 0.355825 0.35583
0.76526 0.356004 0.356009
0.766895 0.356182 0.356187
0.768534 0.356359 0.356363
0.770175 0.356534 0.356539
0.771819 0.356708 0.356713
0.773465 0.356881 0.356886
0.775114 0.357053 0.357057
0.776766 0.357223 0.357228
0.778421 0.357392 0.357397
0.780078 0.35756 0.357565
0.781738 0.357727 0.357731
0.783401 0.357892 0.357896
0.785066 0.358056 0.35806
0.786734 0.358219 0.358223
0.788405 0.35838 0.358385
0.790079 0.35854 0.358545
0.791756 0.358699 0.358704
0.793435 0.358857 0.358862
0.795117 0.359013 0.359018
0.796802 0.359168 0.359173
0.79849 0.359322 0.359327
0.800181 0.359475 0.359479
0.801874 0.359626 0.359631
0.803571 0.359776 0.359781
0.80527 0.359925 0.359929
0.806972 0.360072 0.360077
0.808677 0.360218 0.360223
0.810385 0.360363 0.360368
0.812096 0.360506 0.360511
0.81381 0.360648 0.360653
0.815527 0.360789 0.360794
0.817247 0.360929 0.360934
0.81897 0.361067 0.361072
0.820696 0.361204 0.361209
0.822424 0.36134 0.361345
0.824156 0.361474 0.361479
0.825891 0.361607 0.361612
0.827629 0.361739 0.361744
0.82937 0.361869 0.361874
0.831114 0.361998 0.362003
0.832861 0.362126 0.362131
0.834611 0.362252 0.362257
0.836365 0.362377 0.362382
0.838121 0.362501 0.362506
0.839881 0.362624 0.362629
0.841643 0.362745 0.36275
0.843409 0.362864 0.362869
0.845178 0.362983 0.362988
0.846951 0.3631 0.363105
0.848726 0.363216 0.363221
0.850505 0.36333 0.363335
0.852287 0.363443 0.363448
0.854072 0.363555 0.36356
0.85586 0.363665 0.36367
0.857652 0.363774 0.363779
0.859447 0.363881 0.363887
0.861245 0.363988 0.363993
0.863047 0.364092 0.364098
0.864852 0.364196 0.364201
0.86666 0.364298 0.364303
0.868471 0.364399 0.364404
0.870286 0.364498 0.364503
0.872105 0.364596 0.364601
0.873926 0.364693 0.364698
0.875752 0.364788 0.364793
0.87758 0.364882 0.364887
0.879412 0.364974 0.36498
0.881248 0.365065 0.365071
0.883087 0.365155 0.36516
0.884929 0.365243 0.365249
0.886775 0.36533 0.365336
0.888625 0.365416 0.365421
0.890478 0.3655 0.365505
0.892334 0.365582 0.365588
0.894194 0.365664 0.365669
0.896058 0.365743 0.365749
0.897925 0.365822 0.365827
0.899796 0.365899 0.365904
0.901671 0.365974 0.36598
0.903549 0.366049 0.366054
0.905431 0.366121 0.366127
0.907316 0.366193 0.366198
0.909205 0.366262 0.366268
0.911098 0.366331 0.366337
0.912995 0.366398 0.366404
0.914895 0.366463 0.366469
0.916799 0.366527 0.366533
0.918707 0.36659 0.366596
0.920619 0.366651 0.366657
0.922534 0.366711 0.366717
0.924454 0.366769 0.366775
0.926377 0.366826 0.366832
0.928304 0.366882 0.366887
0.930235 0.366935 0.366941
0.93217 0.366988 0.366994
0.934108 0.367039 0.367045
0.936051 0.367088 0.367094
0.937997 0.367136 0.367142
0.939948 0.367183 0.367189
0.941903 0.367228 0.367234
0.943861 0.367271 0.367278
0.945824 0.367314 0.36732
0.94779 0.367354 0.36736
0.949761 0.367393 0.367399
0.951736 0.367431 0.367437
0.953714 0.367467 0.367473
0.955697 0.367501 0.367508
0.957684 0.367534 0.367541
0.959676 0.367566 0.367572
0.961671 0.367596 0.367602
0.963671 0.367624 0.367631
0.965674 0.367651 0.367658
0.967682 0.367677 0.367683
0.969695 0.367701 0.367707
0.971711 0.367723 0.367729
0.973732 0.367744 0.36775
0.975757 0.367763 0.36777
0.977787 0.367781 0.367787
0.97982 0.367797 0.367804
0.981858 0.367812 0.367818
0.983901 0.367825 0.367831
0.985948 0.367836 0.367843
0.987999 0.367846 0.367853
0.990055 0.367855 0.367861
0.992116 0.367861 0.367868
0.99418 0.367867 0.367873
0.99625 0.36787 0.367877
0.998324 0.367872 0.367879
1.0004 0.367873 0.367879
1.00249 0.367872 0.367878
1.00457 0.367869 0.367876
1.00666 0.367865 0.367871
1.00876 0.367859 0.367865
1.01086 0.367851 0.367858
1.01297 0.367842 0.367849
1.01508 0.367831 0.367838
1.0172 0.367819 0.367826
1.01932 0.367805 0.367812
1.02144 0.367789 0.367796
1.02357 0.367772 0.367779
1.02571 0.367753 0.36776
1.02785 0.367732 0.367739
1.02999 0.36771 0.367717
1.03214 0.367686 0.367693
1.0343 0.367661 0.367668
1.03646 0.367634 0.367641
1.03862 0.367605 0.367612
1.04079 0.367574 0.367582
1.04296 0.367542 0.367549
1.04514 0.367508 0.367516
1.04733 0.367473 0.36748
1.04952 0.367436 0.367443
1.05171 0.367397 0.367404
1.05391 0.367356 0.367364
1.05612 0.367314 0.367321
1.05833 0.36727 0.367277
1.06054 0.367224 0.367232
1.06276 0.367177 0.367184
1.06499 0.367128 0.367135
1.06722 0.367077 0.367085
1.06946 0.367025 0.367032
1.0717 0.36697 0.366978
1.07395 0.366914 0.366922
1.0762 0.366856 0.366864
1.07846 0.366797 0.366805
1.08072 0.366736 0.366743
1.08299 0.366673 0.36668
1.08527 0.366608 0.366616
1.08755 0.366541 0.366549
1.08984 0.366473 0.366481
1.09213 0.366403 0.366411
1.09443 0.366331 0.366339
1.09673 0.366258 0.366265
1.09904 0.366182 0.36619
1.10135 0.366105 0.366113
1.10367 0.366026 0.366034
1.106 0.365945 0.365953
1.10833 0.365863 0.365871
1.11067 0.365778 0.365786
1.11301 0.365692 0.3657
1.11536 0.365604 0.365612
1.11772 0.365514 0.365522
1.12008 0.365422 0.36543
1.12245 0.365328 0.365337
1.12482 0.365233 0.365241
1.1272 0.365136 0.365144
1.12959 0.365037 0.365045
1.13198 0.364936 0.364944
1.13438 0.364833 0.364841
1.13678 0.364728 0.364736
1.1392 0.364621 0.36463
1.14161 0.364513 0.364521
1.14404 0.364402 0.364411
1.14647 0.36429 0.364298
1.1489 0.364176 0.364184
1.15135 0.364059 0.364068
1.1538 0.363941 0.36395
1.15625 0.363821 0.36383
1.15872 0.3637 0.363708
1.16118 0.363576 0.363584
1.16366 0.36345 0.363459
1.16614 0.363322 0.363331
1.16863 0.363192 0.363201
1.17113 0.363061 0.36307
1.17363 0.362927 0.362936
1.17614 0.362792 0.3628
1.17866 0.362654 0.362663
1.18118 0.362514 0.362523
1.18371 0.362373 0.362382
1.18625 0.362229 0.362238
1.18879 0.362084 0.362093
1.19134 0.361936 0.361945
1.1939 0.361787 0.361796
1.19647 0.361635 0.361644
1.19904 0.361481 0.361491
1.20162 0.361326 0.361335
1.20421 0.361168 0.361177
1.20681 0.361008 0.361018
1.20941 0.360846 0.360856
1.21202 0.360682 0.360692
1.21463 0.360516 0.360526
1.21726 0.360348 0.360358
1.21989 0.360178 0.360188
1.22253 0.360006 0.360016
1.22518 0.359832 0.359841
1.22784 0.359655 0.359665
1.2305 0.359477 0.359486
1.23317 0.359296 0.359306
1.23585 0.359113 0.359123
1.23853 0.358928 0.358938
1.24123 0.358741 0.358751
1.24393 0.358552 0.358562
1.24664 0.35836 0.35837
1.24936 0.358167 0.358177
1.25209 0.357971 0.357981
1.25482 0.357773 0.357783
1.25757 0.357573 0.357583
1.26032 0.35737 0.35738
1.26308 0.357166 0.357176
1.26585 0.356959 0.356969
1.26863 0.35675 0.35676
1.27141 0.356539 0.356549
1.27421 0.356325 0.356335
1.27701 0.356109 0.35612
1.27982 0.355891 0.355902
1.28264 0.355671 0.355681
1.28547 0.355448 0.355459
1.28831 0.355224 0.355234
1.29116 0.354996 0.355007
1.29401 0.354767 0.354778
1.29688 0.354535 0.354546
1.29975 0.354301 0.354312
1.30263 0.354065 0.354075
1.30553 0.353826 0.353837
1.30843 0.353585 0.353595
1.31134 0.353341 0.353352
1.31426 0.353095 0.353106
1.31719 0.352847 0.352858
1.32013 0.352596 0.352607
1.32308 0.352343 0.352354
1.32604 0.352088 0.352099
1.32901 0.35183 0.351841
1.33199 0.35157 0.351581
1.33498 0.351307 0.351318
1.33798 0.351042 0.351053
1.34099 0.350774 0.350785
1.34401 0.350504 0.350515
1.34704 0.350231 0.350243
1.35008 0.349956 0.349967
1.35313 0.349678 0.34969
1.35619 0.349398 0.34941
1.35926 0.349116 0.349127
1.36234 0.34883 0.348842
1.36543 0.348543 0.348554
1.36853 0.348252 0.348264
1.37165 0.347959 0.347971
1.37477 0.347664 0.347676
1.37791 0.347366 0.347378
1.38106 0.347065 0.347077
1.38421 0.346762 0.346774
1.38738 0.346456 0.346468
1.39057 0.346148 0.34616
1.39376 0.345836 0.345849
1.39696 0.345523 0.345535
1.40018 0.345206 0.345218
1.4034 0.344887 0.344899
1.40664 0.344565 0.344577
1.40989 0.34424 0.344253
1.41316 0.343913 0.343925
1.41643 0.343583 0.343595
1.41972 0.34325 0.343263
1.42302 0.342914 0.342927
1.42633 0.342576 0.342589
1.42965 0.342235 0.342247
1.43299 0.341891 0.341903
1.43634 0.341544 0.341557
1.4397 0.341194 0.341207
1.44308 0.340842 0.340855
1.44646 0.340486 0.340499
1.44987 0.340128 0.340141
1.45328 0.339767 0.33978
1.45671 0.339403 0.339416
1.46015 0.339036 0.339049
1.4636 0.338666 0.338679
1.46707 0.338293 0.338306
1.47055 0.337917 0.337931
1.47405 0.337538 0.337552
1.47756 0.337156 0.33717
1.48108 0.336772 0.336785
1.48462 0.336384 0.336397
1.48818 0.335993 0.336006
1.49174 0.335599 0.335613
1.49533 0.335202 0.335216
1.49892 0.334801 0.334815
1.50253 0.334398 0.334412
1.50616 0.333992 0.334006
1.5098 0.333582 0.333596
1.51346 0.333169 0.333184
1.51713 0.332753 0.332768
1.52082 0.332334 0.332349
1.52453 0.331912 0.331926
1.52825 0.331486 0.331501
1.53198 0.331057 0.331072
1.53573 0.330625 0.33064
1.5395 0.33019 0.330204
1.54329 0.329751 0.329766
1.54709 0.329309 0.329324
1.55091 0.328863 0.328878
1.55474 0.328414 0.328429
1.5586 0.327962 0.327977
1.56247 0.327507 0.327522
1.56636 0.327047 0.327063
1.57026 0.326585 0.3266
1.57418 0.326119 0.326134
1.57812 0.325649 0.325665
1.58208 0.325176 0.325191
1.58606 0.324699 0.324715
1.59006 0.324219 0.324235
1.59407 0.323735 0.323751
1.59811 0.323248 0.323264
1.60216 0.322757 0.322773
1.60623 0.322262 0.322278
1.61032 0.321763 0.321779
1.61444 0.321261 0.321277
1.61857 0.320755 0.320772
1.62272 0.320246 0.320262
1.62689 0.319732 0.319748
1.63108 0.319215 0.319231
1.6353 0.318694 0.31871
1.63953 0.318169 0.318185
1.64379 0.31764 0.317656
1.64807 0.317107 0.317124
1.65237 0.31657 0.316587
1.65669 0.316029 0.316046
1.66103 0.315484 0.315501
1.6654 0.314936 0.314953
1.66978 0.314383 0.3144
1.6742 0.313826 0.313843
1.67863 0.313264 0.313282
1.68309 0.312699 0.312716
1.68757 0.31213 0.312147
1.69208 0.311556 0.311573
1.69661 0.310978 0.310995
1.70116 0.310395 0.310413
1.70574 0.309809 0.309827
1.71035 0.309218 0.309236
1.71498 0.308622 0.30864
1.71964 0.308022 0.308041
1.72432 0.307418 0.307436
1.72903 0.306809 0.306828
1.73377 0.306196 0.306214
1.73853 0.305578 0.305597
1.74332 0.304955 0.304974
1.74814 0.304328 0.304347
1.75298 0.303696 0.303715
1.75786 0.30306 0.303079
1.76276 0.302418 0.302437
1.7677 0.301772 0.301791
1.77266 0.301121 0.30114
1.77765 0.300465 0.300484
1.78268 0.299804 0.299824
1.78773 0.299138 0.299158
1.79282 0.298467 0.298487
1.79793 0.297791 0.297811
1.80308 0.29711 0.29713
1.80827 0.296424 0.296444
1.81348 0.295732 0.295753
1.81873 0.295036 0.295056
1.82401 0.294334 0.294354
1.82933 0.293626 0.293647
1.83468 0.292913 0.292934
1.84006 0.292195 0.292216
1.84549 0.291471 0.291492
1.85094 0.290742 0.290763
1.85644 0.290007 0.290028
1.86197 0.289266 0.289287
1.86754 0.288519 0.288541
1.87315 0.287767 0.287789
1.8788 0.287009 0.287031
1.88449 0.286245 0.286267
1.89022 0.285475 0.285497
1.89598 0.284699 0.284721
1.90179 0.283917 0.283939
1.90765 0.283129 0.283151
1.91354 0.282334 0.282356
1.91948 0.281533 0.281556
1.92546 0.280726 0.280749
1.93149 0.279913 0.279935
1.93756 0.279093 0.279115
1.94368 0.278266 0.278289
1.94984 0.277433 0.277456
1.95605 0.276593 0.276616
1.96231 0.275746 0.27577
1.96862 0.274893 0.274916
1.97498 0.274032 0.274056
1.98139 0.273165 0.273188
1.98786 0.27229 0.272314
1.99437 0.271408 0.271433
2.00094 0.27052 0.270544
2.00756 0.269623 0.269648
2.01423 0.26872 0.268744
2.02097 0.267809 0.267833
2.02775 0.26689 0.266915
2.0346 0.265964 0.265989
2.04151 0.26503 0.265055
2.04847 0.264088 0.264113
2.0555 0.263138 0.263164
2.06258 0.262181 0.262206
2.06973 0.261215 0.261241
2.07694 0.260241 0.260267
2.08422 0.259259 0.259285
2.09157 0.258268 0.258295
2.09898 0.257269 0.257296
2.10646 0.256262 0.256289
2.114 0.255246 0.255273
2.12162 0.254222 0.254249
2.12931 0.253188 0.253216
2.13708 0.252146 0.252174
2.14491 0.251095 0.251123
2.15282 0.250035 0.250063
2.16081 0.248965 0.248994
2.16888 0.247887 0.247915
2.17702 0.246799 0.246828
2.18524 0.245702 0.245731
2.19355 0.244596 0.244625
2.20194 0.24348 0.243509
2.21041 0.242355 0.242384
2.21896 0.24122 0.24125
2.2276 0.240075 0.240105
2.23633 0.238921 0.238951
2.24515 0.237757 0.237788
2.25405 0.236584 0.236614
2.26305 0.2354 0.235431
2.27214 0.234207 0.234239
2.28131 0.233004 0.233036
2.29059 0.231792 0.231824
2.29995 0.230569 0.230601
2.30941 0.229337 0.22937
2.31897 0.228096 0.228128
2.32862 0.226844 0.226877
2.33837 0.225583 0.225617
2.34822 0.224313 0.224347
2.35817 0.223034 0.223067
2.36821 0.221745 0.221779
2.37835 0.220447 0.220482
2.38858 0.219141 0.219175
2.39892 0.217825 0.21786
2.40935 0.216502 0.216537
2.41988 0.21517 0.215205
2.4305 0.21383 0.213866
2.44122 0.212483 0.212519
2.45204 0.211128 0.211165
2.46294 0.209766 0.209803
2.47394 0.208398 0.208435
2.48502 0.207024 0.207061
2.4962 0.205643 0.205681
2.50745 0.204258 0.204296
2.51879 0.202867 0.202906
2.53022 0.201472 0.201511
2.54171 0.200073 0.200113
2.55329 0.198671 0.19871
2.56493 0.197265 0.197306
2.57665 0.195858 0.195898
2.58843 0.194448 0.194489
2.60027 0.193037 0.193079
2.61218 0.191626 0.191667
2.62414 0.190214 0.190256
2.63615 0.188803 0.188845
2.6482 0.187392 0.187435
2.66031 0.185983 0.186027
2.67245 0.184576 0.18462
2.68463 0.183172 0.183216
2.69685 0.18177 0.181815
2.7091 0.180372 0.180417
2.72138 0.178978 0.179023
2.73368 0.177588 0.177634
2.746 0.176203 0.17625
2.75834 0.174824 0.17487
2.7707 0.173449 0.173497
2.78307 0.172081 0.172129
2.79545 0.170719 0.170767
2.80784 0.169364 0.169412
2.82023 0.168015 0.168064
2.83263 0.166673 0.166723
2.84503 0.165339 0.165389
2.85743 0.164012 0.164062
2.86984 0.162693 0.162743
2.88223 0.161381 0.161432
2.89463 0.160078 0.160129
2.90702 0.158782 0.158835
2.91941 0.157495 0.157548
2.93178 0.156216 0.156269
2.94416 0.154946 0.154999
2.95652 0.153684 0.153738
2.96887 0.15243 0.152485
2.98122 0.151185 0.15124
2.99356 0.149948 0.150004
3.00589 0.14872 0.148776
3.0182 0.1475 0.147557
3.03051 0.146289 0.146346
3.04281 0.145086 0.145144
3.0551 0.143892 0.14395
3.06738 0.142706 0.142765
3.07965 0.141529 0.141588
3.09191 0.14036 0.14042
3.10416 0.139199 0.139259
3.1164 0.138047 0.138107
3.12864 0.136902 0.136964
3.14086 0.135766 0.135828
3.15308 0.134638 0.1347
3.1653 0.133518 0.133581
3.1775 0.132405 0.132469
3.1897 0.131301 0.131365
3.2019 0.130204 0.130269
3.21409 0.129115 0.129181
3.22627 0.128034 0.1281
3.23845 0.126961 0.127027
3.25063 0.125894 0.125961
3.2628 0.124836 0.124903
3.27497 0.123784 0.123852
3.28714 0.12274 0.122809
3.29931 0.121703 0.121773
3.31148 0.120673 0.120743
3.32365 0.119651 0.119721
3.33582 0.118635 0.118706
3.34799 0.117626 0.117698
3.36017 0.116624 0.116697
3.37235 0.115629 0.115702
3.38453 0.11464 0.114714
3.39671 0.113659 0.113733
3.4089 0.112683 0.112758
3.42109 0.111714 0.11179
3.43329 0.110752 0.110828
3.4455 0.109796 0.109873
3.45771 0.108846 0.108924
3.46993 0.107903 0.107981
3.48217 0.106965 0.107044
3.49441 0.106034 0.106114
3.50666 0.105109 0.105189
3.51892 0.10419 0.104271
3.53119 0.103277 0.103358
3.54347 0.102369 0.102452
3.55577 0.101468 0.101551
3.56808 0.100572 0.100656
3.5804 0.0996815 0.0997663
3.59274 0.098797 0.0988825
3.60509 0.0979181 0.0980044
3.61746 0.0970447 0.0971317
3.62984 0.0961768 0.0962646
3.64225 0.0953144 0.0954029
3.65467 0.0944573 0.0945466
3.66711 0.0936056 0.0936957
3.67956 0.0927591 0.09285
3.69204 0.0919179 0.0920096
3.70454 0.0910819 0.0911744
3.71706 0.090251 0.0903444
3.7296 0.0894252 0.0895194
3.74216 0.0886045 0.0886996
3.75475 0.0877888 0.0878847
3.76736 0.0869781 0.0870749
3.78 0.0861723 0.0862699
3.79266 0.0853714 0.0854699
3.80534 0.0845753 0.0846747
3.81806 0.0837841 0.0838844
3.8308 0.0829976 0.0830988
3.84357 0.0822158 0.082318
3.85636 0.0814388 0.0815419
3.86919 0.0806664 0.0807705
3.88205 0.0798986 0.0800036
3.89493 0.0791355 0.0792414
3.90785 0.0783768 0.0784838
3.9208 0.0776227 0.0777307
3.93379 0.0768731 0.0769821
3.9468 0.0761279 0.0762379
3.95985 0.0753872 0.0754982
3.97294 0.0746508 0.0747629
3.98606 0.0739188 0.0740319
3.99922 0.0731912 0.0733053
4.01242 0.0724678 0.072583
4.02565 0.0717487 0.071865
4.03893 0.0710338 0.0711512
4.05224 0.0703232 0.0704417
4.06559 0.0696167 0.0697364
4.07899 0.0689144 0.0690352
4.09242 0.0682162 0.0683382
4.1059 0.0675221 0.0676453
4.11943 0.0668321 0.0669565
4.13299 0.0661461 0.0662717
4.14661 0.0654642 0.065591
4.16027 0.0647863 0.0649144
4.17397 0.0641123 0.0642417
4.18772 0.0634423 0.063573
4.20153 0.0627762 0.0629082
4.21538 0.0621141 0.0622474
4.22928 0.0614558 0.0615904
4.24323 0.0608014 0.0609374
4.25724 0.0601508 0.0602882
4.2713 0.0595041 0.0596429
4.28541 0.0588611 0.0590013
4.29958 0.058222 0.0583636
4.3138 0.0575866 0.0577297
4.32809 0.0569549 0.0570995
4.34242 0.056327 0.0564731
4.35682 0.0557027 0.0558504
4.37128 0.0550822 0.0552314
4.3858 0.0544653 0.0546161
4.40038 0.0538521 0.0540044
4.41502 0.0532424 0.0533964
4.42973 0.0526364 0.0527921
4.44451 0.052034 0.0521914
4.45935 0.0514352 0.0515943
4.47426 0.05084 0.0510007
4.48923 0.0502482 0.0504108
4.50428 0.0496601 0.0498244
4.5194 0.0490754 0.0492416
4.53459 0.0484942 0.0486623
4.54985 0.0479165 0.0480865
4.56519 0.0473423 0.0475142
4.5806 0.0467716 0.0469454
4.59609 0.0462043 0.04638
4.61166 0.0456404 0.0458182
4.62731 0.0450799 0.0452598
4.64304 0.0445229 0.0447048
4.65886 0.0439692 0.0441533
4.67476 0.0434189 0.0436051
4.69074 0.0428719 0.0430604
4.70681 0.0423283 0.0425191
4.72297 0.0417881 0.0419811
4.73923 0.0412512 0.0414465
4.75557 0.0407176 0.0409153
4.772 0.0401873 0.0403874
4.78853 0.0396603 0.0398629
4.80516 0.0391365 0.0393416
4.82189 0.0386161 0.0388238
4.83872 0.0380989 0.0383092
4.85564 0.0375849 0.0377979
4.87268 0.0370742 0.0372899
4.88981 0.0365667 0.0367852
4.90706 0.0360625 0.0362838
4.92441 0.0355614 0.0357856
4.94188 0.0350636 0.0352907
4.95946 0.0345689 0.0347991
4.97716 0.0340775 0.0343107
4.99497 0.0335892 0.0338255
5.01291 0.033104 0.0333436
5.03096 0.032622 0.0328649
5.04914 0.0321432 0.0323894
5.06745 0.0316675 0.0319171
5.08589 0.031195 0.0314481
5.10446 0.0307255 0.0309822
5.12316 0.0302592 0.0305196
5.142 0.029796 0.0300601
5.16098 0.0293359 0.0296038
5.1801 0.0288789 0.0291507
5.19937 0.0284249 0.0287008
5.21878 0.0279741 0.028254
5.23835 0.0275263 0.0278104
5.25807 0.0270816 0.02737
5.27795 0.0266399 0.0269328
5.29799 0.0262013 0.0264987
5.31819 0.0257657 0.0260677
5.33856 0.0253332 0.0256399
5.3591 0.0249037 0.0252153
5.37981 0.0244772 0.0247938
5.40071 0.0240537 0.0243755
5.42178 0.0236333 0.0239603
5.44304 0.0232158 0.0235482
5.46449 0.0228014 0.0231393
5.48614 0.0223899 0.0227336
5.50798 0.0219814 0.0223309
5.53003 0.0215759 0.0219315
5.55228 0.0211734 0.0215351
5.57474 0.0207738 0.0211419
5.59743 0.0203772 0.0207518
5.62033 0.0199836 0.0203649
5.64347 0.0195928 0.0199811
5.66683 0.0192051 0.0196005
5.69043 0.0188202 0.019223
5.71428 0.0184383 0.0188486
5.73838 0.0180593 0.0184774
5.76274 0.0176831 0.0181094
5.78736 0.0173099 0.0177445
5.81224 0.0169396 0.0173827
5.83741 0.0165721 0.0170241
5.86286 0.0162076 0.0166687
5.8886 0.0158458 0.0163165
5.91464 0.015487 0.0159674
5.94099 0.0151309 0.0156214
5.96765 0.0147777 0.0152787
5.99463 0.0144273 0.0149392
6.02195 0.0140798 0.0146028
6.04962 0.013735 0.0142696
6.07763 0.0133929 0.0139397
6.10601 0.0130537 0.0136129
6.13476 0.0127171 0.0132894
6.1639 0.0123833 0.012969
6.19343 0.0120522 0.0126519
6.22338 0.0117238 0.0123381
6.25374 0.011398 0.0120275
6.28454 0.0110749 0.0117201
6.31579 0.0107544 0.0114161
6.3475 0.0104365 0.0111153
6.37968 0.0101211 0.0108178
6.41237 0.00980824 0.0105236
6.44556 0.00949787 0.0102327
6.47928 0.00918994 0.00994512
6.51355 0.00888441 0.0096609
6.54839 0.00858124 0.00938003
6.58382 0.00828038 0.00910254
6.61985 0.00798176 0.00882845
6.65651 0.00768534 0.00855776
6.69383 0.00739104 0.00829049
6.73183 0.0070988 0.00802668
6.77054 0.00680852 0.00776634
6.80997 0.00652014 0.0075095
6.85018 0.00623356 0.00725618
6.89117 0.00594866 0.00700642
6.93299 0.00566534 0.00676024
6.97566 0.00538347 0.00651768
7.01923 0.00510292 0.00627878
7.06373 0.00482354 0.00604359
7.10919 0.00454516 0.00581214
7.15566 0.0042676 0.00558451
7.20317 0.00399068 0.00536075
7.25177 0.00371417 0.00514092
7.30148 0.00343785 0.00492512
7.35236 0.00316147 0.00471344
7.40443 0.00288476 0.00450598
7.45772 0.00260745 0.00430286
7.51227 0.00232924 0.00410424
7.56809 0.00204982 0.00391028
7.62517 0.0017689 0.00372117
7.68352 0.00148617 0.00353713
7.74309 0.00120136 0.00335841
7.80383 0.000914211 0.00318529
7.86565 0.000624538 0.00301806
7.92842 0.000332213 0.00285705
7.99198 3.71975e-05 0.00270259
8 1.39615e-09 0.0026837
