  x    |   target g(x)  |   ann Fp(x)  |   abs error 
   -1.000000          0.353227          0.350630          0.002597
   -0.979798          0.354979          0.353523          0.001455
   -0.959596          0.352231          0.351937          0.000294
   -0.939394          0.344682          0.345458          0.000776
   -0.919192          0.332080          0.333741          0.001660
   -0.898990          0.314239          0.316525          0.002287
   -0.878788          0.291036          0.293648          0.002612
   -0.858586          0.262427          0.265050          0.002623
   -0.838384          0.228445          0.230781          0.002335
   -0.818182          0.189209          0.191003          0.001794
   -0.797980          0.144925          0.145991          0.001066
   -0.777778          0.095888          0.096125          0.000236
   -0.757576          0.042484          0.041883          0.000601
   -0.737374         -0.014815         -0.016169          0.001354
   -0.717172         -0.075451         -0.077392          0.001942
   -0.696970         -0.138784         -0.141087          0.002304
   -0.676768         -0.204102         -0.206512          0.002410
   -0.656566         -0.270626         -0.272892          0.002265
   -0.636364         -0.337521         -0.339433          0.001912
   -0.616162         -0.403906         -0.405328          0.001422
   -0.595960         -0.468865         -0.469752          0.000888
   -0.575758         -0.531464         -0.531867          0.000403
   -0.555556         -0.590763         -0.590805          0.000042
   -0.535354         -0.645831         -0.645674          0.000157
   -0.515152         -0.695761         -0.695553          0.000208
   -0.494949         -0.739686         -0.739512          0.000175
   -0.474747         -0.776797         -0.776640          0.000157
   -0.454545         -0.806352         -0.806088          0.000264
   -0.434343         -0.827697         -0.827120          0.000577
   -0.414141         -0.840274         -0.839154          0.001120
   -0.393939         -0.843635         -0.841798          0.001837
   -0.373737         -0.837453         -0.834854          0.002599
   -0.353535         -0.821531         -0.818306          0.003225
   -0.333333         -0.795804         -0.792274          0.003530
   -0.313131         -0.760352         -0.756981          0.003371
   -0.292929         -0.715393         -0.712702          0.002690
   -0.272727         -0.661287         -0.659755          0.001532
   -0.252525         -0.598536         -0.598492          0.000044
   -0.232323         -0.527773         -0.529333          0.001560
   -0.212121         -0.449759         -0.452794          0.003035
   -0.191919         -0.365369         -0.369530          0.004161
   -0.171717         -0.275586         -0.280361          0.004775
   -0.151515         -0.181481         -0.186282          0.004801
   -0.131313         -0.084200         -0.088454          0.004254
   -0.111111          0.015053          0.011827          0.003226
   -0.090909          0.115035          0.113164          0.001871
   -0.070707          0.214481          0.214110          0.000371
   -0.050505          0.312128          0.313212          0.001084
   -0.030303          0.406730          0.409055          0.002325
   -0.010101          0.497082          0.500300          0.003218
    0.010101          0.582034          0.585711          0.003677
    0.030303          0.660514          0.664181          0.003667
    0.050505          0.731539          0.734743          0.003204
    0.070707          0.794238          0.796589          0.002351
    0.090909          0.847855          0.849065          0.001209
    0.111111          0.891772          0.891676          0.000095
    0.131313          0.925507          0.924084          0.001422
    0.151515          0.948727          0.946096          0.002631
    0.171717          0.961251          0.957656          0.003595
    0.191919          0.963050          0.958840          0.004210
    0.212121          0.954247          0.949839          0.004407
    0.232323          0.935110          0.930954          0.004156
    0.252525          0.906051          0.902583          0.003469
    0.272727          0.867616          0.865219          0.002397
    0.292929          0.820469          0.819439          0.001030
    0.313131          0.765387          0.765904          0.000517
    0.333333          0.703243          0.705350          0.002107
    0.353535          0.634988          0.638580          0.003592
    0.373737          0.561637          0.566437          0.004800
    0.393939          0.484254          0.489788          0.005534
    0.414141          0.403929          0.409605          0.005676
    0.434343          0.321764          0.327174          0.005410
    0.454545          0.238856          0.244015          0.005159
    0.474747          0.156278          0.161222          0.004944
    0.494949          0.075064          0.079240          0.004176
    0.515152         -0.003805         -0.001304          0.002501
    0.535354         -0.079415         -0.079116          0.000300
    0.555556         -0.150933         -0.152801          0.001867
    0.575758         -0.217612         -0.221347          0.003735
    0.595960         -0.278805         -0.284030          0.005225
    0.616162         -0.333968         -0.340238          0.006270
    0.636364         -0.382664         -0.389452          0.006789
    0.656566         -0.424567         -0.431285          0.006718
    0.676768         -0.459464         -0.465497          0.006033
    0.696970         -0.487249         -0.492004          0.004755
    0.717172         -0.507922         -0.510874          0.002951
    0.737374         -0.521587         -0.522320          0.000733
    0.757576         -0.528439         -0.526687          0.001752
    0.777778         -0.528764         -0.524440          0.004324
    0.797980         -0.522923         -0.516140          0.006782
    0.818182         -0.511347         -0.502429          0.008918
    0.838384         -0.494527         -0.484004          0.010522
    0.858586         -0.472998         -0.461599          0.011399
    0.878788         -0.447333         -0.435960          0.011374
    0.898990         -0.418132         -0.407827          0.010306
    0.919192         -0.386007         -0.377915          0.008092
    0.939394         -0.351575         -0.346901          0.004674
    0.959596         -0.315447         -0.315407          0.000041
    0.979798         -0.278219         -0.283991          0.005772
    1.000000         -0.240462         -0.253144          0.012682
