0 10 5
0.0039453 9.86016 5.13861
0.00776135 9.72169 5.27353
0.0115495 9.58126 5.40812
0.0153756 9.43659 5.54451
0.0192872 9.28592 5.68422
0.0233227 9.12777 5.82842
0.0275165 8.96074 5.97808
0.0319002 8.78352 6.13399
0.0365012 8.59498 6.29671
0.0413357 8.39448 6.46626
0.0463937 8.18257 6.64161
0.0516215 7.96179 6.82012
0.0569149 7.737 6.9975
0.062144 7.51433 7.16886
0.0671945 7.29921 7.33022
0.0717213 7.10679 7.47104
0.076086 6.92193 7.60312
0.0802557 6.74626 7.72565
0.0842264 6.58003 7.83885
0.0880104 6.42278 7.94341
0.0916267 6.27374 8.04017
0.0950961 6.13202 8.13002
0.0984388 5.99676 8.21372
0.101673 5.86722 8.29197
0.104813 5.74272 8.36534
0.107874 5.6227 8.43431
0.110867 5.50667 8.49929
0.113801 5.39425 8.56061
0.116684 5.28508 8.61856
0.119525 5.17889 8.67337
0.122328 5.07541 8.72524
0.125099 4.97445 8.77433
0.127844 4.87582 8.82081
0.130565 4.77936 8.86478
0.133267 4.68493 8.90636
0.135953 4.59241 8.94564
0.138625 4.5017 8.9827
0.141288 4.41269 9.01761
0.143943 4.3253 9.05044
0.146593 4.23945 9.08124
0.149239 4.15508 9.11005
0.151885 4.07212 9.13692
0.154531 3.99051 9.16189
0.157181 3.91019 9.18498
0.159835 3.83113 9.20622
0.162496 3.75327 9.22564
0.165165 3.67658 9.24326
0.167844 3.60102 9.25908
0.170535 3.52655 9.27313
0.173239 3.45314 9.28541
0.175958 3.38076 9.29594
0.178694 3.30938 9.30471
0.181448 3.23898 9.31173
0.184222 3.16954 9.317
0.187017 3.10102 9.32051
0.189835 3.03341 9.32227
0.192679 2.96668 9.32226
0.195549 2.90083 9.32048
0.198447 2.83583 9.31691
0.201376 2.77167 9.31154
0.204338 2.70832 9.30437
0.207333 2.64578 9.29536
0.210365 2.58403 9.2845
0.213435 2.52306 9.27177
0.216545 2.46285 9.25715
0.219699 2.4034 9.2406
0.222898 2.34469 9.2221
0.226145 2.28672 9.20162
0.229442 2.22946 9.17913
0.232793 2.17292 9.15458
0.236201 2.11708 9.12793
0.239668 2.06193 9.09915
0.243198 2.00747 9.06818
0.246794 1.95369 9.03498
0.250461 1.90057 8.99949
0.254202 1.84812 8.96165
0.258023 1.79633 8.9214
0.261927 1.74519 8.87867
0.265919 1.69469 8.8334
0.270006 1.64482 8.78549
0.274192 1.59559 8.73487
0.278485 1.54698 8.68144
0.282891 1.49899 8.6251
0.287418 1.45162 8.56576
0.292073 1.40486 8.50328
0.296867 1.3587 8.43756
0.301807 1.31316 8.36844
0.306906 1.26821 8.2958
0.312175 1.22386 8.21947
0.317625 1.18012 8.13928
0.323272 1.13698 8.05506
0.329129 1.09445 7.96662
0.335213 1.05254 7.87375
0.341541 1.01126 7.77626
0.348132 0.970628 7.67394
0.355004 0.930671 7.56659
0.362176 0.891426 7.45404
0.369666 0.852943 7.33615
0.377489 0.81529 7.21285
0.385657 0.778552 7.08417
0.394174 0.742839 6.9503
0.403034 0.708281 6.81161
0.412218 0.675026 6.66868
0.421694 0.643234 6.52235
0.431414 0.613054 6.37366
0.441321 0.584614 6.22379
0.451353 0.558 6.07397
0.461445 0.533247 5.92533
0.471543 0.51034 5.77887
0.4816 0.489215 5.63537
0.49158 0.469777 5.49535
0.501462 0.451909 5.35918
0.51123 0.435484 5.22701
0.520878 0.420372 5.09888
0.530406 0.406452 4.97475
0.539817 0.393606 4.85451
0.549116 0.381732 4.738
0.558311 0.370733 4.62507
0.567409 0.360526 4.51553
0.576418 0.351036 4.40923
0.585347 0.342197 4.306
0.594203 0.333951 4.20568
0.602994 0.326246 4.10813
0.611725 0.319036 4.01321
0.620403 0.312281 3.9208
0.629035 0.305946 3.83079
0.637624 0.299997 3.74307
0.646178 0.294407 3.65754
0.654699 0.289149 3.5741
0.663192 0.2842 3.49268
0.671661 0.27954 3.4132
0.68011 0.27515 3.33559
0.688542 0.271012 3.25977
0.696961 0.267112 3.18568
0.705369 0.263434 3.11327
0.713769 0.259967 3.04248
0.722164 0.256699 2.97326
0.730557 0.253617 2.90555
0.738949 0.250714 2.83932
0.747344 0.24798 2.77451
0.755743 0.245406 2.71109
0.764149 0.242985 2.64902
0.772563 0.24071 2.58825
0.780988 0.238573 2.52876
0.789425 0.236571 2.4705
0.797877 0.234696 2.41346
0.806345 0.232943 2.35758
0.814832 0.231309 2.30286
0.823338 0.229787 2.24925
0.831866 0.228376 2.19672
0.840417 0.22707 2.14526
0.848993 0.225866 2.09484
0.857597 0.224762 2.04543
0.866229 0.223754 1.99701
0.874891 0.222839 1.94955
0.883585 0.222015 1.90304
0.892313 0.22128 1.85745
0.901077 0.220632 1.81276
0.909878 0.220068 1.76896
0.918718 0.219588 1.72601
0.927599 0.219189 1.68392
0.936523 0.21887 1.64265
0.945492 0.218631 1.60218
0.954507 0.218469 1.56251
0.96357 0.218384 1.52362
0.972684 0.218376 1.48548
0.981851 0.218443 1.44808
0.991072 0.218585 1.41142
1.00035 0.218801 1.37547
1.00969 0.219092 1.34022
1.01909 0.219458 1.30565
1.02855 0.219897 1.27175
1.03807 0.220411 1.23852
1.04767 0.221 1.20592
1.05734 0.221664 1.17397
1.06708 0.222403 1.14263
1.0769 0.223219 1.1119
1.08679 0.224112 1.08177
1.09677 0.225083 1.05222
1.10684 0.226133 1.02325
1.11699 0.227263 0.994843
1.12724 0.228476 0.96699
1.13758 0.229771 0.939679
1.14802 0.231152 0.912902
1.15856 0.23262 0.886648
1.16921 0.234177 0.860908
1.17997 0.235825 0.835673
1.19085 0.237568 0.810933
1.20184 0.239407 0.786679
1.21297 0.241346 0.762904
1.22422 0.243389 0.739597
1.23561 0.245538 0.716752
1.24714 0.247798 0.69436
1.25881 0.250172 0.672413
1.27065 0.252666 0.650904
1.28264 0.255284 0.629824
1.29479 0.258032 0.609167
1.30713 0.260916 0.588926
1.31964 0.263941 0.569094
1.33235 0.267115 0.549663
1.34526 0.270445 0.530628
1.35837 0.27394 0.511982
1.37171 0.277607 0.493719
1.38528 0.281458 0.475832
1.39909 0.285501 0.458318
1.41315 0.28975 0.441169
1.42748 0.294215 0.424381
1.44209 0.298912 0.407948
1.457 0.303855 0.391867
1.47222 0.30906 0.376132
1.48777 0.314546 0.360741
1.50366 0.320331 0.345688
1.51992 0.326439 0.330972
1.53656 0.332893 0.31659
1.55361 0.339718 0.302539
1.57109 0.346944 0.288818
1.58901 0.354602 0.275427
1.60741 0.362727 0.262367
1.62631 0.371355 0.249637
1.64573 0.380528 0.23724
1.66569 0.390289 0.22518
1.68623 0.400687 0.213462
1.70734 0.411771 0.20209
1.72906 0.423596 0.191072
1.7514 0.436215 0.180418
1.77437 0.449687 0.170135
1.79795 0.464069 0.160237
1.82215 0.479416 0.150733
1.84695 0.495781 0.141635
1.87231 0.513212 0.132955
1.89819 0.531749 0.124703
1.92454 0.551427 0.116887
1.9513 0.572267 0.109512
1.97838 0.594282 0.102578
2.00572 0.617475 0.0960845
2.03323 0.64184 0.0900232
2.06084 0.667364 0.0843832
2.08847 0.694028 0.0791495
2.11605 0.72181 0.0743039
2.14353 0.750688 0.0698261
2.17085 0.78064 0.0656938
2.19798 0.811646 0.0618841
2.22488 0.843689 0.0583742
2.25152 0.876756 0.0551413
2.27789 0.910837 0.0521636
2.30398 0.945929 0.0494206
2.32979 0.982027 0.0468927
2.3553 1.01914 0.0445621
2.38052 1.05726 0.0424121
2.40545 1.0964 0.0404274
2.43009 1.13658 0.0385943
2.45446 1.17781 0.0369
2.47856 1.22009 0.0353332
2.5024 1.26346 0.0338835
2.52598 1.30792 0.0325414
2.54932 1.35349 0.0312985
2.57242 1.4002 0.0301472
2.59528 1.44807 0.0290804
2.61793 1.49713 0.028092
2.64036 1.54739 0.0271763
2.66258 1.59888 0.0263282
2.6846 1.65163 0.0255431
2.70644 1.70567 0.0248169
2.72808 1.76102 0.0241457
2.74955 1.81771 0.0235262
2.77085 1.87578 0.0229554
2.79198 1.93526 0.0224306
2.81296 1.99617 0.0219492
2.83378 2.05855 0.0215092
2.85445 2.12244 0.0211085
2.87498 2.18786 0.0207455
2.89537 2.25486 0.0204186
2.91563 2.32347 0.0201265
2.93576 2.39373 0.0198682
2.95577 2.46568 0.0196427
2.97566 2.53936 0.0194491
2.99544 2.61481 0.019287
3.01511 2.69207 0.0191558
3.03467 2.77118 0.0190553
3.05413 2.8522 0.0189855
3.07349 2.93516 0.0189462
3.09276 3.02011 0.0189378
3.11193 3.10711 0.0189607
3.13102 3.1962 0.0190154
3.15003 3.28743 0.0191028
3.16896 3.38086 0.0192237
3.18781 3.47655 0.0193794
3.20659 3.57454 0.0195712
3.22529 3.67491 0.0198009
3.24394 3.7777 0.0200705
3.26252 3.88299 0.0203821
3.28104 3.99084 0.0207383
3.2995 4.10131 0.0211423
3.31791 4.21448 0.0215972
3.33627 4.33042 0.0221071
3.35459 4.44921 0.0226764
3.37286 4.57092 0.0233102
3.3911 4.69564 0.0240141
3.4093 4.82346 0.0247947
3.42747 4.95447 0.0256596
3.44562 5.08877 0.0266173
3.46375 5.22646 0.0276777
3.48186 5.36764 0.028852
3.49997 5.51245 0.0301534
3.51807 5.661 0.0315968
3.53617 5.81342 0.0331998
3.55429 5.96986 0.0349828
3.57243 6.13048 0.0369694
3.59059 6.29546 0.0391878
3.6088 6.46498 0.041671
3.62706 6.63925 0.0444582
3.64538 6.81852 0.0475965
3.66379 7.00305 0.0511425
3.6823 7.19314 0.0551648
3.70094 7.38915 0.0597478
3.71973 7.59148 0.0649956
3.73871 7.80062 0.0710386
3.75791 8.01712 0.0780425
3.77739 8.24168 0.08622
3.79721 8.4751 0.0958497
3.81744 8.71837 0.107302
3.83818 8.97269 0.121081
3.85955 9.23938 0.137878
3.88165 9.51981 0.15866
3.9046 9.81469 0.184745
3.92834 10.1224 0.217781
3.95246 10.4357 0.259303
3.97429 10.7173 0.305679
3.99209 10.9435 0.351207
4.0079 11.1402 0.398669
4.02175 11.3079 0.446644
4.03395 11.4511 0.494628
4.04483 11.5742 0.542568
4.05467 11.6811 0.590575
4.06368 11.7747 0.638792
4.07239 11.8609 0.689753
4.08027 11.9346 0.739822
4.08789 12.0017 0.792115
4.09519 12.0615 0.846063
4.10215 12.1143 0.901265
4.10877 12.1603 0.957456
4.11508 12.1998 1.01446
4.12108 12.2334 1.07219
4.12682 12.2614 1.13057
4.13231 12.2844 1.1896
4.13758 12.3026 1.24925
4.14264 12.3164 1.30953
4.14752 12.3261 1.37046
4.15223 12.3318 1.43205
4.1568 12.334 1.49432
4.16122 12.3326 1.55729
4.16551 12.3279 1.62096
4.16969 12.32 1.68536
4.17376 12.3091 1.7505
4.17774 12.2953 1.81639
4.18162 12.2787 1.88306
4.18542 12.2593 1.95052
4.18914 12.2372 2.01877
4.19278 12.2126 2.08784
4.19636 12.1854 2.15774
4.19988 12.1557 2.22848
4.20334 12.1236 2.30009
4.20675 12.0892 2.37257
4.21011 12.0523 2.44594
4.21342 12.0132 2.52023
4.21669 11.9717 2.59544
4.21992 11.9279 2.67161
4.22312 11.8819 2.74875
4.22628 11.8336 2.82688
4.22942 11.783 2.90604
4.23253 11.7301 2.98624
4.23561 11.675 3.06752
4.23868 11.6176 3.1499
4.24173 11.5579 3.23343
4.24476 11.4958 3.31813
4.24778 11.4314 3.40405
4.25079 11.3645 3.49122
4.25379 11.2953 3.57971
4.2568 11.2235 3.66956
4.2598 11.1491 3.76082
4.2628 11.0721 3.85356
4.26581 10.9924 3.94785
4.26883 10.9099 4.04376
4.27186 10.8245 4.14138
4.27491 10.7361 4.2408
4.27798 10.6445 4.34213
4.28108 10.5495 4.44549
4.2842 10.4511 4.55101
4.28737 10.3489 4.65884
4.29057 10.2427 4.76915
4.29383 10.1324 4.88213
4.29715 10.0175 4.99802
4.30053 9.89763 5.11707
4.30399 9.77242 5.23958
4.30754 9.64133 5.36589
4.3112 9.50375 5.4964
4.31498 9.35896 5.63158
4.31889 9.20613 5.77194
4.32298 9.0443 5.91808
4.32725 8.87238 6.07059
4.33173 8.68933 6.22999
4.33644 8.49431 6.39647
4.34139 8.2873 6.5695
4.34655 8.0699 6.74718
4.35182 7.846 6.92589
4.35708 7.62137 7.10078
4.36222 7.40204 7.26728
4.36686 7.20387 7.41402
4.37135 7.01302 7.55197
4.37564 6.8316 7.67998
4.37971 6.66014 7.79807
4.38358 6.49829 7.9069
4.38727 6.34522 8.0074
4.39081 6.20001 8.1005
4.3942 6.06173 8.18705
4.39748 5.92954 8.26782
4.40065 5.80272 8.34343
4.40374 5.68064 8.41443
4.40676 5.56277 8.48126
4.40972 5.44869 8.54428
4.41262 5.33802 8.6038
4.41547 5.23044 8.66008
4.41829 5.1257 8.71333
4.42107 5.02356 8.76373
4.42382 4.92383 8.81145
4.42654 4.82634 8.85661
4.42925 4.73095 8.89933
4.43194 4.63752 8.93971
4.43461 4.54594 8.97783
4.43728 4.45611 9.01378
4.43993 4.36794 9.04761
4.44258 4.28135 9.07939
4.44522 4.19626 9.10916
4.44786 4.11261 9.13697
4.4505 4.03033 9.16286
4.45315 3.94938 9.18687
4.45579 3.8697 9.20901
4.45845 3.79125 9.22932
4.46111 3.71398 9.24781
4.46378 3.63786 9.26451
4.46646 3.56285 9.27942
4.46915 3.48891 9.29257
4.47186 3.41601 9.30395
4.47458 3.34413 9.31357
4.47732 3.27324 9.32145
4.48008 3.20331 9.32757
4.48287 3.13433 9.33194
4.48567 3.06626 9.33456
4.4885 2.99909 9.33541
4.49135 2.9328 9.33449
4.49423 2.86736 9.3318
4.49714 2.80277 9.32731
4.50008 2.73901 9.32101
4.50305 2.67606 9.3129
4.50606 2.61391 9.30294
4.50911 2.55254 9.29112
4.5122 2.49195 9.27742
4.51533 2.43211 9.26181
4.5185 2.37302 9.24426
4.52172 2.31467 9.22474
4.52499 2.25705 9.20322
4.52831 2.20014 9.17966
4.53168 2.14394 9.15403
4.53512 2.08844 9.12628
4.53861 2.03363 9.09637
4.54217 1.9795 9.06425
4.5458 1.92604 9.02986
4.5495 1.87325 8.99316
4.55327 1.82113 8.95407
4.55713 1.76965 8.91254
4.56108 1.71882 8.86849
4.56511 1.66863 8.82184
4.56924 1.61907 8.77253
4.57348 1.57015 8.72045
4.57782 1.52184 8.66551
4.58228 1.47416 8.60761
4.58687 1.42708 8.54664
4.59159 1.38062 8.48247
4.59645 1.33476 8.41498
4.60147 1.28951 8.34403
4.60665 1.24486 8.26947
4.612 1.20081 8.19112
4.61754 1.15737 8.10883
4.62329 1.11453 8.02241
4.62926 1.0723 7.93166
4.63546 1.0307 7.83637
4.64191 0.98974 7.73635
4.64864 0.949438 7.63139
4.65565 0.90983 7.5213
4.66298 0.870958 7.40592
4.67063 0.83288 7.28514
4.67862 0.795673 7.15895
4.68696 0.759434 7.02744
4.69565 0.724283 6.89088
4.70467 0.690362 6.74976
4.714 0.657826 6.60479
4.7236 0.62683 6.45692
4.73342 0.597518 6.30727
4.7434 0.569996 6.15706
4.75346 0.544326 6.00749
4.76356 0.520517 5.85964
4.77364 0.498527 5.7144
4.78365 0.478276 5.57241
4.79358 0.459655 5.43413
4.8034 0.442541 5.29979
4.8131 0.426803 5.1695
4.82268 0.412317 5.04325
4.83215 0.398961 4.92095
4.84149 0.386627 4.80247
4.85073 0.375213 4.68764
4.85987 0.364632 4.57631
4.86892 0.354802 4.4683
4.87788 0.345655 4.36344
4.88677 0.337129 4.26157
4.89558 0.329167 4.16254
4.90434 0.321723 4.06622
4.91304 0.314753 3.97247
4.92168 0.308219 3.88117
4.93029 0.302087 3.79222
4.93885 0.296326 3.7055
4.94739 0.29091 3.62093
4.95589 0.285814 3.53842
4.96436 0.281017 3.45789
4.97281 0.276498 3.37926
4.98125 0.27224 3.30246
4.98967 0.268226 3.22743
4.99808 0.264442 3.1541
5.00647 0.260874 3.08243
5.01487 0.257509 3.01234
5.02325 0.254338 2.9438
5.03164 0.251349 2.87676
5.04003 0.248532 2.81116
5.04842 0.24588 2.74698
5.05682 0.243385 2.68416
5.06522 0.241038 2.62267
5.07363 0.238833 2.56247
5.08206 0.236765 2.50353
5.0905 0.234826 2.44581
5.09895 0.233013 2.38928
5.10742 0.231319 2.33392
5.11591 0.229741 2.27969
5.12442 0.228273 2.22656
5.13296 0.226914 2.1745
5.14152 0.225658 2.1235
5.1501 0.224502 2.07352
5.15871 0.223444 2.02455
5.16735 0.22248 1.97655
5.17602 0.221609 1.92951
5.18473 0.220826 1.8834
5.19347 0.220132 1.83821
5.20224 0.219523 1.79391
5.21106 0.218997 1.75048
5.21991 0.218554 1.70791
5.2288 0.218191 1.66617
5.23774 0.217908 1.62525
5.24673 0.217702 1.58514
5.25576 0.217574 1.5458
5.26484 0.217522 1.50724
5.27397 0.217546 1.46942
5.28316 0.217645 1.43235
5.2924 0.217818 1.39599
5.3017 0.218065 1.36035
5.31106 0.218386 1.32539
5.32048 0.218782 1.29112
5.32996 0.219251 1.25751
5.33952 0.219794 1.22455
5.34914 0.220413 1.19223
5.35883 0.221105 1.16054
5.3686 0.221874 1.12947
5.37845 0.222719 1.099
5.38838 0.223641 1.06912
5.39839 0.224641 1.03982
5.40848 0.22572 1.0111
5.41867 0.22688 0.98293
5.42895 0.228122 0.955311
5.43933 0.229448 0.928232
5.44981 0.230859 0.901681
5.46039 0.232358 0.875649
5.47109 0.233947 0.850127
5.48189 0.235628 0.825106
5.49281 0.237403 0.800576
5.50386 0.239277 0.776529
5.51503 0.24125 0.752956
5.52633 0.243329 0.729849
5.53778 0.245515 0.707199
5.54936 0.247812 0.684999
5.5611 0.250226 0.663241
5.57299 0.252761 0.641917
5.58505 0.255422 0.62102
5.59727 0.258214 0.600542
5.60967 0.261143 0.580478
5.62226 0.264217 0.560819
5.63505 0.267442 0.541559
5.64804 0.270825 0.522691
5.66124 0.274376 0.50421
5.67466 0.278103 0.48611
5.68832 0.282015 0.468384
5.70223 0.286125 0.451027
5.7164 0.290444 0.434034
5.73083 0.294985 0.417399
5.74556 0.299762 0.401118
5.76059 0.30479 0.385186
5.77593 0.310086 0.369599
5.79162 0.31567 0.354353
5.80765 0.321561 0.339445
5.82406 0.327782 0.324872
5.84086 0.334358 0.310632
5.85807 0.341315 0.296722
5.87572 0.348684 0.283143
5.89384 0.356496 0.269892
5.91243 0.364788 0.256972
5.93153 0.373598 0.244383
5.95116 0.382968 0.232128
5.97135 0.392943 0.220212
5.99211 0.403572 0.208638
6.01347 0.414906 0.197413
6.03544 0.427001 0.186546
6.05803 0.439911 0.176044
6.08124 0.453694 0.165919
6.10508 0.468408 0.156181
6.12953 0.484106 0.146842
6.15456 0.50084 0.137914
6.18015 0.518656 0.129407
6.20624 0.537592 0.121331
6.23278 0.557677 0.113692
6.25969 0.57893 0.106495
6.28691 0.601359 0.09974
6.31435 0.624965 0.0934218
6.34193 0.649737 0.0875321
6.36958 0.675661 0.0820581
6.39723 0.702717 0.0769837
6.4248 0.730881 0.0722896
6.45225 0.760132 0.0679547
6.47953 0.790448 0.0639564
6.5066 0.82181 0.0602717
6.53342 0.854202 0.0568777
6.55999 0.887614 0.053752
6.58628 0.922036 0.0508733
6.61228 0.957466 0.0482212
6.63799 0.993902 0.045777
6.6634 1.03135 0.0435232
6.68853 1.06981 0.0414437
6.71337 1.1093 0.0395238
6.73793 1.14982 0.0377502
6.76221 1.19139 0.0361107
6.78622 1.23403 0.0345942
6.80997 1.27776 0.0331908
6.83347 1.32258 0.0318915
6.85673 1.36853 0.0306881
6.87975 1.41561 0.0295733
6.90254 1.46387 0.0285403
6.92511 1.51332 0.0275833
6.94747 1.56398 0.0266967
6.96963 1.61588 0.0258756
6.99159 1.66904 0.0251158
7.01336 1.72351 0.024413
7.03495 1.7793 0.0237638
7.05636 1.83644 0.023165
7.0776 1.89496 0.0226135
7.09868 1.9549 0.0221068
7.1196 2.01629 0.0216426
7.14037 2.07916 0.0212187
7.16099 2.14354 0.0208333
7.18147 2.20947 0.0204848
7.20182 2.27699 0.0201717
7.22203 2.34614 0.0198928
7.24212 2.41694 0.019647
7.26209 2.48945 0.0194336
7.28194 2.5637 0.0192516
7.30168 2.63973 0.0191007
7.32131 2.71759 0.0189805
7.34084 2.79731 0.0188906
7.36026 2.87895 0.0188311
7.37959 2.96256 0.0188021
7.39883 3.04817 0.0188038
7.41797 3.13584 0.0188367
7.43703 3.22562 0.0189015
7.45601 3.31756 0.0189989
7.47491 3.41171 0.01913
7.49374 3.50814 0.019296
7.51249 3.60689 0.0194984
7.53117 3.70803 0.0197391
7.54979 3.81163 0.0200199
7.56835 3.91773 0.0203433
7.58684 4.02642 0.0207119
7.60529 4.13775 0.0211289
7.62368 4.2518 0.0215977
7.64202 4.36865 0.0221224
7.66032 4.48837 0.0227076
7.67858 4.61104 0.0233585
7.6968 4.73674 0.024081
7.71499 4.86557 0.024882
7.73315 4.99762 0.0257693
7.75128 5.13299 0.0267516
7.7694 5.27178 0.0278392
7.78751 5.41411 0.0290439
7.8056 5.56008 0.0303792
7.8237 5.70984 0.0318608
7.8418 5.86352 0.0335068
7.85992 6.02126 0.0353385
7.87805 6.18323 0.0373806
7.89622 6.34961 0.0396625
7.91444 6.52059 0.0422188
7.9327 6.69639 0.0450906
7.95104 6.87726 0.0483272
7.96947 7.06347 0.0519883
7.98801 7.25534 0.0561464
8.00668 7.45324 0.0608904
8.02551 7.65758 0.0663311
8.04453 7.86888 0.0726074
8.0638 8.08773 0.079896
8.08336 8.31483 0.0884256
8.10327 8.55106 0.0984965
8.12362 8.79745 0.110511
8.14451 9.05524 0.125016
8.16605 9.3258 0.14277
8.18837 9.61042 0.164829
8.21153 9.90941 0.192614
8.23543 10.22 0.227816
8.2595 10.5328 0.271782
8.27955 10.791 0.316691
8.29642 11.0048 0.361674
8.31157 11.1925 0.408733
8.32495 11.3537 0.456446
8.3368 11.492 0.504288
8.34743 11.6114 0.552178
8.35706 11.7154 0.600199
8.36636 11.8111 0.651099
8.3747 11.8926 0.700919
8.38274 11.9669 0.753028
8.39002 12.03 0.804025
8.39708 12.0871 0.857061
8.40386 12.1377 0.911642
8.41035 12.182 0.967426
8.41654 12.2202 1.02418
8.42247 12.2527 1.08177
8.42814 12.2798 1.1401
8.43357 12.3019 1.19912
8.43879 12.3194 1.25881
8.44382 12.3325 1.31917
8.44866 12.3415 1.38019
8.45334 12.3467 1.44189
8.45787 12.3482 1.50427
8.46227 12.3463 1.56736
8.46654 12.3411 1.63116
8.4707 12.3328 1.6957
8.47475 12.3214 1.76098
8.4787 12.3071 1.82702
8.48256 12.29 1.89384
8.48634 12.2702 1.96145
8.49005 12.2477 2.02986
8.49368 12.2226 2.09908
8.49724 12.1951 2.16914
8.50075 12.165 2.24005
8.5042 12.1325 2.31182
8.50759 12.0977 2.38447
8.51094 12.0605 2.45801
8.51424 12.0209 2.53247
8.5175 11.9791 2.60787
8.52072 11.9349 2.68421
8.52391 11.8885 2.76154
8.52706 11.8399 2.83986
8.53019 11.7889 2.91921
8.53329 11.7357 2.99961
8.53637 11.6802 3.08109
8.53942 11.6224 3.16368
8.54246 11.5623 3.24741
8.54549 11.4999 3.33233
8.5485 11.4351 3.41847
8.55151 11.3678 3.50588
8.55451 11.2982 3.59461
8.5575 11.226 3.6847
8.5605 11.1512 3.77621
8.5635 11.0738 3.86922
8.5665 10.9937 3.96378
8.56952 10.9108 4.05997
8.57255 10.8249 4.15789
8.57559 10.736 4.25762
8.57866 10.6438 4.35928
8.58176 10.5484 4.46298
8.58488 10.4494 4.56886
8.58805 10.3466 4.67708
8.59126 10.2399 4.7878
8.59452 10.1289 4.90123
8.59783 10.0133 5.01759
8.60122 9.89275 5.13714
8.60469 9.76674 5.2602
8.60824 9.63479 5.38711
8.61191 9.49626 5.51828
8.61569 9.35043 5.65418
8.61962 9.19644 5.79535
8.62372 9.0333 5.94237
8.62801 8.85995 6.09584
8.63251 8.67532 6.25626
8.63725 8.47865 6.42378
8.64222 8.27006 6.59772
8.64738 8.05137 6.77601
8.65265 7.82678 6.9548
8.65791 7.6022 7.12919
8.66301 7.38355 7.29471
8.66762 7.18661 7.44016
8.67207 6.99708 7.57681
8.67631 6.81696 7.70358
8.68035 6.64669 7.82058
8.68419 6.48587 7.92846
8.68786 6.3337 8.02815
8.69137 6.18926 8.12055
8.69474 6.05163 8.2065
8.698 5.92001 8.28675
8.70116 5.79366 8.36192
8.70424 5.672 8.43253
8.70724 5.5545 8.499
8.71019 5.44074 8.56171
8.71308 5.33034 8.62094
8.71592 5.22302 8.67696
8.71873 5.1185 8.72997
8.7215 5.01656 8.78015
8.72425 4.91702 8.82766
8.72697 4.8197 8.87263
8.72966 4.72445 8.91516
8.73235 4.63117 8.95537
8.73501 4.53972 8.99333
8.73767 4.45001 9.02911
8.74032 4.36195 9.06279
8.74296 4.27546 9.09442
8.7456 4.19047 9.12406
8.74824 4.10691 9.15173
8.75088 4.02472 9.17748
8.75352 3.94385 9.20135
8.75616 3.86425 9.22336
8.75881 3.78587 9.24354
8.76147 3.70867 9.26191
8.76413 3.63261 9.27848
8.76681 3.55766 9.29327
8.7695 3.48378 9.30629
8.77221 3.41094 9.31755
8.77493 3.33912 9.32705
8.77767 3.26828 9.3348
8.78042 3.1984 9.3408
8.7832 3.12947 9.34505
8.786 3.06144 9.34754
8.78883 2.99432 9.34827
8.79168 2.92807 9.34722
8.79456 2.86268 9.3444
8.79747 2.79813 9.33978
8.80041 2.73441 9.33335
8.80338 2.6715 9.3251
8.80639 2.60938 9.31501
8.80943 2.54805 9.30305
8.81252 2.48749 9.28921
8.81565 2.42769 9.27345
8.81882 2.36864 9.25575
8.82204 2.31032 9.23608
8.8253 2.25273 9.21441
8.82862 2.19585 9.1907
8.832 2.13969 9.1649
8.83543 2.08422 9.13699
8.83893 2.02944 9.10691
8.84249 1.97534 9.07461
8.84612 1.92192 9.04004
8.84982 1.86916 9.00315
8.85359 1.81706 8.96387
8.85745 1.76562 8.92213
8.8614 1.71482 8.87788
8.86544 1.66466 8.83102
8.86957 1.61513 8.78148
8.87381 1.56623 8.72917
8.87816 1.51796 8.67399
8.88262 1.4703 8.61584
8.88721 1.42326 8.5546
8.89194 1.37683 8.49016
8.8968 1.331 8.42239
8.90182 1.28578 8.35114
8.90701 1.24116 8.27626
8.91237 1.19714 8.19758
8.91792 1.15373 8.11495
8.92368 1.11092 8.02816
8.92965 1.06873 7.93702
8.93586 1.02716 7.84133
8.94233 0.986232 7.74088
8.94907 0.945969 7.63547
8.9561 0.906401 7.52491
8.96344 0.867572 7.40904
8.97111 0.829543 7.28776
8.97912 0.79239 7.16106
8.98748 0.756213 7.02904
8.99618 0.721134 6.89199
9.00522 0.687295 6.7504
9.01457 0.654852 6.60501
9.02418 0.623961 6.45678
9.03401 0.594763 6.30684
9.04398 0.567362 6.15643
9.05405 0.541816 6.00673
9.06414 0.518131 5.85882
9.07421 0.496263 5.71358
9.08422 0.476128 5.57163
9.09413 0.457616 5.43341
9.10394 0.440602 5.29917
9.11363 0.424957 5.16897
9.1232 0.410554 5.04282
9.13265 0.397276 4.92062
9.14198 0.385011 4.80223
9.15121 0.373661 4.68749
9.16033 0.363136 4.57624
9.16937 0.35336 4.46831
9.17832 0.34426 4.36351
9.1872 0.335777 4.26171
9.196 0.327856 4.16274
9.20475 0.320449 4.06646
9.21344 0.313512 3.97276
9.22208 0.307009 3.8815
9.23067 0.300906 3.79258
9.23923 0.295172 3.7059
9.24776 0.289781 3.62136
9.25625 0.284708 3.53887
9.26472 0.279932 3.45836
9.27316 0.275433 3.37975
9.28159 0.271193 3.30297
9.29001 0.267197 3.22796
9.29841 0.263428 3.15464
9.3068 0.259875 3.08297
9.31519 0.256525 3.0129
9.32357 0.253366 2.94437
9.33195 0.250389 2.87733
9.34033 0.247584 2.81174
9.34872 0.244943 2.74756
9.35711 0.242457 2.68475
9.36551 0.240119 2.62326
9.37392 0.237923 2.56306
9.38234 0.235862 2.50412
9.39077 0.233931 2.44641
9.39922 0.232124 2.38988
9.40769 0.230437 2.33451
9.41617 0.228864 2.28028
9.42468 0.227403 2.22715
9.43321 0.226048 2.17509
9.44176 0.224796 2.12409
9.45034 0.223644 2.07411
9.45895 0.22259 2.02513
9.46758 0.221629 1.97713
9.47625 0.22076 1.93008
9.48495 0.21998 1.88397
9.49368 0.219288 1.83877
9.50246 0.21868 1.79447
9.51126 0.218156 1.75103
9.52011 0.217713 1.70846
9.529 0.217351 1.66671
9.53794 0.217068 1.62579
9.54692 0.216862 1.58567
9.55595 0.216734 1.54633
9.56502 0.216681 1.50776
9.57415 0.216703 1.46994
9.58333 0.216801 1.43286
9.59257 0.216972 1.3965
9.60186 0.217217 1.36084
9.61122 0.217536 1.32588
9.62063 0.217929 1.2916
9.63011 0.218395 1.25799
9.63966 0.218935 1.22502
9.64928 0.219549 1.1927
9.65897 0.220238 1.16101
9.66873 0.221002 1.12993
9.67857 0.221842 1.09945
9.68849 0.222759 1.06957
9.6985 0.223754 1.04026
9.70859 0.224827 1.01153
9.71877 0.225981 0.983358
9.72905 0.227217 0.955734
9.73942 0.228535 0.928648
9.74989 0.229939 0.902092
9.76047 0.23143 0.876055
9.77116 0.233011 0.850528
9.78196 0.234683 0.825501
9.79287 0.236449 0.800966
9.80391 0.238313 0.776913
9.81508 0.240276 0.753335
9.82637 0.242344 0.730223
9.83781 0.244518 0.707568
9.84939 0.246804 0.685363
9.86111 0.249206 0.6636
9.873 0.251727 0.642271
9.88504 0.254374 0.62137
9.89726 0.257152 0.600887
9.90965 0.260066 0.580818
9.92223 0.263123 0.561154
9.93501 0.266331 0.54189
9.94799 0.269697 0.523018
9.96118 0.273228 0.504533
9.97459 0.276935 0.486428
9.98824 0.280827 0.468698
10.0021 0.284915 0.451337
10.0163 0.28921 0.43434
10.0307 0.293726 0.417701
10.0454 0.298476 0.401416
10.0604 0.303476 0.38548
10.0758 0.308743 0.369889
10.0914 0.314295 0.354639
10.1075 0.320153 0.339728
10.1238 0.326339 0.325151
10.1406 0.332877 0.310906
10.1578 0.339794 0.296992
10.1754 0.347119 0.283408
10.1935 0.354886 0.270153
10.2121 0.363128 0.257227
10.2312 0.371886 0.244633
10.2508 0.381199 0.232372
10.271 0.391114 0.220449
10.2917 0.401679 0.208868
10.313 0.412945 0.197636
10.335 0.424966 0.186759
10.3575 0.437799 0.176248
10.3807 0.451501 0.166112
10.4045 0.466128 0.156363
10.429 0.481737 0.147011
10.454 0.498377 0.13807
10.4796 0.516096 0.129548
10.5057 0.534932 0.121457
10.5322 0.554915 0.113803
10.5591 0.576064 0.10659
10.5863 0.598389 0.0998181
10.6138 0.62189 0.0934838
10.6414 0.646558 0.0875784
10.6691 0.672378 0.0820895
10.6967 0.69933 0.0770009
10.7244 0.727392 0.0722937
10.7518 0.756541 0.0679467
10.7792 0.786754 0.0639374
10.8063 0.818014 0.0602427
10.8331 0.850304 0.0568399
10.8597 0.883613 0.0537063
10.886 0.917932 0.0508205
10.9121 0.953256 0.0481623
10.9378 0.989586 0.0457127
10.9633 1.02692 0.0434542
10.9884 1.06528 0.0413706
11.0133 1.10465 0.0394471
11.0379 1.14506 0.0376703
11.0622 1.18652 0.036028
11.0863 1.22904 0.034509
11.11 1.27264 0.0331035
11.1336 1.31734 0.0318022
11.1569 1.36316 0.0305971
11.1799 1.41012 0.0294807
11.2027 1.45825 0.0284463
11.2253 1.50756 0.0274879
11.2477 1.55808 0.0266
11.2699 1.60984 0.0257778
11.2919 1.66286 0.0250167
11.3136 1.71718 0.0243128
11.3352 1.77281 0.0236624
11.3567 1.8298 0.0230624
11.3779 1.88817 0.0225097
11.399 1.94794 0.0220017
11.42 2.00916 0.0215362
11.4408 2.07186 0.0211109
11.4614 2.13607 0.0207241
11.4819 2.20182 0.020374
11.5022 2.26916 0.0200592
11.5225 2.33812 0.0197785
11.5426 2.40873 0.0195309
11.5626 2.48104 0.0193153
11.5824 2.55509 0.0191312
11.6022 2.63091 0.0189779
11.6218 2.70855 0.018855
11.6413 2.78806 0.0187623
11.6608 2.86948 0.0186998
11.6801 2.95285 0.0186675
11.6994 3.03823 0.0186657
11.7185 3.12566 0.0186948
11.7376 3.21519 0.0187554
11.7566 3.30687 0.0188483
11.7755 3.40077 0.0189745
11.7943 3.49693 0.0191353
11.8131 3.59541 0.019332
11.8318 3.69627 0.0195664
11.8504 3.79957 0.0198404
11.8689 3.90538 0.0201564
11.8874 4.01376 0.020517
11.9059 4.12477 0.0209251
11.9243 4.2385 0.0213843
11.9426 4.35501 0.0218985
11.9609 4.47438 0.0224722
11.9792 4.5967 0.0231104
11.9974 4.72204 0.023819
12.0156 4.85049 0.0246046
12.0337 4.98214 0.0254748
12.0519 5.11711 0.0264383
12.07 5.25548 0.027505
12.0881 5.39736 0.0286864
12.1062 5.54289 0.0299957
12.1243 5.69218 0.0314482
12.1424 5.84536 0.0330615
12.1605 6.00259 0.0348563
12.1786 6.16402 0.0368568
12.1968 6.32983 0.0390914
12.215 6.50021 0.0415937
12.2332 6.67538 0.0444035
12.2515 6.85558 0.0475688
12.2699 7.04107 0.0511471
12.2884 7.23217 0.0552086
12.3071 7.42923 0.0598391
12.3259 7.63268 0.0651452
12.3449 7.84299 0.0712604
12.3641 8.06074 0.0783541
12.3836 8.28663 0.0866452
12.4034 8.5215 0.0964198
12.4237 8.76634 0.10806
12.4445 9.02237 0.122086
12.4659 9.29095 0.139214
12.488 9.5734 0.160444
12.511 9.87034 0.187135
12.5348 10.1798 0.22096
12.5589 10.4936 0.263401
12.5805 10.7725 0.310315
12.598 10.9949 0.355987
12.6135 11.188 0.403473
12.6271 11.3528 0.451433
12.6391 11.4936 0.49941
12.6499 11.6149 0.547364
12.6596 11.7203 0.595408
12.6685 11.8127 0.643681
12.6771 11.8977 0.694687
12.6849 11.9705 0.744828
12.6925 12.0366 0.797188
12.6997 12.0957 0.851203
12.7066 12.1478 0.906475
12.7132 12.1931 0.96274
12.7194 12.232 1.01983
12.7254 12.265 1.07764
12.7311 12.2926 1.13611
12.7366 12.3151 1.19523
12.7418 12.3329 1.25498
12.7468 12.3462 1.31537
12.7517 12.3555 1.37641
12.7564 12.3609 1.43812
12.7609 12.3627 1.5005
12.7653 12.361 1.56358
12.7696 12.356 1.62738
12.7737 12.3478 1.6919
12.7778 12.3366 1.75717
12.7817 12.3225 1.82319
12.7856 12.3055 1.88999
12.7894 12.2859 1.95758
12.7931 12.2635 2.02597
12.7967 12.2386 2.09517
12.8003 12.2112 2.16521
12.8038 12.1813 2.23609
12.8072 12.1489 2.30784
12.8106 12.1142 2.38047
12.814 12.0771 2.45399
12.8173 12.0377 2.52842
12.8205 11.996 2.60379
12.8237 11.952 2.68011
12.8269 11.9057 2.7574
12.8301 11.8571 2.83569
12.8332 11.8063 2.91501
12.8363 11.7532 2.99537
12.8394 11.6979 3.07681
12.8424 11.6402 3.15937
12.8455 11.5802 3.24306
12.8485 11.5179 3.32794
12.8515 11.4533 3.41403
12.8545 11.3862 3.50139
12.8575 11.3167 3.59006
12.8605 11.2446 3.68009
12.8635 11.17 3.77155
12.8665 11.0928 3.86448
12.8695 11.0128 3.95897
12.8725 10.9301 4.05509
12.8755 10.8444 4.15292
12.8785 10.7557 4.25256
12.8816 10.6638 4.35411
12.8847 10.5686 4.4577
12.8878 10.4698 4.56346
12.891 10.3674 4.67153
12.8942 10.2609 4.7821
12.8974 10.1502 4.89535
12.9007 10.035 5.01152
12.9041 9.91483 5.13086
12.9075 9.78926 5.25367
12.9111 9.65779 5.38031
12.9147 9.51982 5.51116
12.9185 9.37461 5.64671
12.9224 9.22132 5.78747
12.9265 9.05899 5.93404
12.9307 8.88653 6.08702
12.9352 8.70288 6.24692
12.9399 8.50722 6.41395
12.9449 8.29953 6.58755
12.95 8.08145 6.7658
12.9553 7.85691 6.94503
12.9605 7.63175 7.12035
12.9656 7.41201 7.28719
12.9703 7.21361 7.43414
12.9747 7.02258 7.57227
12.979 6.841 7.70043
12.9831 6.66941 7.81867
12.9869 6.50742 7.92766
12.9906 6.35423 8.0283
12.9941 6.20889 8.12155
12.9975 6.07048 8.20825
13.0008 5.93816 8.28916
13.0039 5.81121 8.36493
13.007 5.689 8.43608
13.01 5.571 8.50306
13.013 5.45679 8.56623
13.0158 5.34599 8.6259
13.0187 5.23828 8.68232
13.0215 5.13341 8.73572
13.0243 5.03114 8.78627
13.027 4.93128 8.83413
13.0297 4.83367 8.87944
13.0324 4.73815 8.9223
13.0351 4.64459 8.96282
13.0378 4.55289 9.00108
13.0404 4.46294 9.03717
13.0431 4.37465 9.07114
13.0457 4.28793 9.10306
13.0483 4.20273 9.13297
13.051 4.11896 9.16092
13.0536 4.03657 9.18694
13.0562 3.9555 9.21108
13.0589 3.87571 9.23336
13.0615 3.79715 9.2538
13.0642 3.71977 9.27242
13.0668 3.64353 9.28925
13.0695 3.56841 9.30429
13.0722 3.49436 9.31757
13.0749 3.42136 9.32908
13.0776 3.34938 9.33884
13.0803 3.27838 9.34684
13.0831 3.20835 9.35309
13.0859 3.13926 9.35758
13.0887 3.07109 9.36032
13.0915 3.00382 9.3613
13.0943 2.93743 9.36051
13.0972 2.8719 9.35794
13.1001 2.80721 9.35358
13.103 2.74336 9.34741
13.106 2.68031 9.33941
13.109 2.61807 9.32958
13.112 2.55661 9.31789
13.1151 2.49592 9.30431
13.1182 2.43599 9.28882
13.1214 2.37681 9.27139
13.1246 2.31837 9.252
13.1278 2.26066 9.2306
13.1311 2.20367 9.20717
13.1345 2.14738 9.18166
13.1379 2.09179 9.15404
13.1414 2.0369 9.12425
13.145 1.98269 9.09226
13.1486 1.92915 9.058
13.1523 1.87628 9.02142
13.156 1.82407 8.98246
13.1599 1.77252 8.94106
13.1638 1.72161 8.89715
13.1678 1.67135 8.85064
13.1719 1.62172 8.80146
13.1761 1.57271 8.74951
13.1805 1.52434 8.69472
13.1849 1.47658 8.63696
13.1895 1.42943 8.57613
13.1942 1.3829 8.51212
13.199 1.33698 8.44478
13.204 1.29165 8.37398
13.2092 1.24694 8.29958
13.2145 1.20282 8.2214
13.22 1.15931 8.13928
13.2257 1.1164 8.05303
13.2317 1.07411 7.96246
13.2378 1.03244 7.86735
13.2443 0.991411 7.76751
13.251 0.95104 7.66273
13.2579 0.911359 7.55282
13.2652 0.872411 7.43762
13.2728 0.834253 7.317
13.2808 0.796959 7.19094
13.2891 0.760625 7.05953
13.2977 0.72537 6.92301
13.3067 0.691333 6.78187
13.316 0.658669 6.63678
13.3256 0.627536 6.4887
13.3354 0.598078 6.33872
13.3453 0.570406 6.18809
13.3554 0.544586 6.038
13.3655 0.52063 5.88956
13.3755 0.498501 5.74367
13.3856 0.478121 5.60101
13.3955 0.459381 5.46203
13.4053 0.44216 5.327
13.415 0.426326 5.19604
13.4246 0.411754 5.06912
13.434 0.398323 4.94618
13.4434 0.38592 4.82708
13.4526 0.374446 4.71167
13.4618 0.363811 4.59977
13.4708 0.353934 4.49121
13.4798 0.344743 4.38583
13.4887 0.336178 4.28346
13.4975 0.328181 4.18395
13.5062 0.320705 4.08716
13.5149 0.313705 3.99296
13.5235 0.307144 3.90122
13.5321 0.300987 3.81185
13.5407 0.295204 3.72473
13.5492 0.289766 3.63976
13.5577 0.284651 3.55687
13.5662 0.279834 3.47597
13.5746 0.275298 3.39697
13.583 0.271022 3.31982
13.5915 0.266992 3.24445
13.5999 0.263193 3.17079
13.6082 0.25961 3.09878
13.6166 0.256231 3.02838
13.625 0.253046 2.95953
13.6334 0.250043 2.89218
13.6418 0.247213 2.82629
13.6501 0.244548 2.76182
13.6585 0.24204 2.69872
13.6669 0.23968 2.63695
13.6753 0.237463 2.57648
13.6837 0.235382 2.51728
13.6922 0.233431 2.4593
13.7006 0.231605 2.40252
13.7091 0.229898 2.34691
13.7175 0.228307 2.29243
13.726 0.226827 2.23906
13.7345 0.225455 2.18678
13.7431 0.224186 2.13554
13.7517 0.223017 2.08534
13.7603 0.221945 2.03615
13.7689 0.220968 1.98793
13.7775 0.220082 1.94068
13.7862 0.219286 1.89437
13.7949 0.218576 1.84897
13.8037 0.217952 1.80447
13.8125 0.217412 1.76085
13.8213 0.216953 1.71808
13.8302 0.216574 1.67616
13.8391 0.216274 1.63505
13.8481 0.216052 1.59476
13.8571 0.215906 1.55525
13.8662 0.215837 1.51651
13.8753 0.215842 1.47852
13.8844 0.215922 1.44128
13.8937 0.216076 1.40476
13.9029 0.216303 1.36895
13.9123 0.216604 1.33383
13.9217 0.216978 1.2994
13.9311 0.217425 1.26564
13.9407 0.217946 1.23253
13.9503 0.218541 1.20006
13.9599 0.21921 1.16823
13.9697 0.219953 1.13701
13.9795 0.220772 1.1064
13.9894 0.221667 1.07639
13.9994 0.22264 1.04695
14.0094 0.22369 1.01809
14.0196 0.224821 0.989796
14.0299 0.226032 0.962049
14.0402 0.227326 0.934843
14.0506 0.228704 0.908168
14.0612 0.230168 0.882014
14.0718 0.231721 0.856373
14.0826 0.233364 0.831234
14.0935 0.235101 0.806588
14.1045 0.236934 0.782428
14.1156 0.238865 0.758743
14.1269 0.240899 0.735526
14.1383 0.243039 0.712769
14.1498 0.245289 0.690463
14.1615 0.247653 0.668601
14.1734 0.250135 0.647175
14.1854 0.252741 0.626177
14.1975 0.255475 0.6056
14.2099 0.258345 0.585438
14.2224 0.261355 0.565684
14.2351 0.264513 0.546329
14.2481 0.267826 0.52737
14.2612 0.271302 0.508798
14.2745 0.274951 0.490607
14.2881 0.278781 0.472793
14.302 0.282804 0.455349
14.316 0.28703 0.43827
14.3304 0.291473 0.42155
14.345 0.296145 0.405186
14.36 0.301063 0.389171
14.3752 0.306242 0.373503
14.3908 0.3117 0.358176
14.4067 0.317457 0.343188
14.423 0.323534 0.328535
14.4397 0.329957 0.314215
14.4568 0.33675 0.300226
14.4743 0.343942 0.286566
14.4922 0.351566 0.273236
14.5107 0.359654 0.260234
14.5296 0.368245 0.247563
14.5491 0.37738 0.235225
14.5691 0.387102 0.223222
14.5897 0.397459 0.21156
14.6109 0.408503 0.200245
14.6327 0.420285 0.189283
14.6551 0.432862 0.178683
14.6781 0.446291 0.168455
14.7018 0.460629 0.158611
14.726 0.475932 0.14916
14.7509 0.492253 0.140116
14.7764 0.509639 0.131489
14.8023 0.528132 0.12329
14.8288 0.547764 0.115525
14.8556 0.568557 0.108201
14.8828 0.590524 0.101319
14.9102 0.613668 0.0948746
14.9378 0.637981 0.088862
14.9655 0.66345 0.0832696
14.9932 0.690056 0.078082
15 0.696732 0.0768725
