100 0.0221157
100.2 0.0224588
100.4 0.0228099
100.6 0.0231692
100.8 0.0235372
101 0.0239139
101.2 0.0242998
101.4 0.024695
101.6 0.0251
101.8 0.025515
102 0.0259403
102.2 0.0263764
102.4 0.0268236
102.6 0.0272822
102.8 0.0277526
103 0.0282353
103.2 0.0287307
103.4 0.0292392
103.6 0.0297613
103.8 0.0302975
104 0.0308483
104.2 0.0314143
104.4 0.0319959
104.6 0.0325938
104.8 0.0332086
105 0.0338409
105.2 0.0344915
105.4 0.0351609
105.6 0.03585
105.8 0.0365595
106 0.0372902
106.2 0.0380431
106.4 0.0388189
106.6 0.0396186
106.8 0.0404433
107 0.0412939
107.2 0.0421716
107.4 0.0430775
107.6 0.0440128
107.8 0.0449789
108 0.045977
108.2 0.0470087
108.4 0.0480754
108.6 0.0491787
108.8 0.0503204
109 0.0515021
109.2 0.0527259
109.4 0.0539937
109.6 0.0553077
109.8 0.0566701
110 0.0580833
110.2 0.0595498
110.4 0.0610724
110.6 0.062654
110.8 0.0642977
111 0.0660066
111.2 0.0677844
111.4 0.0696347
111.6 0.0715615
111.8 0.0735691
112 0.075662
112.2 0.0778452
112.4 0.0801239
112.6 0.0825037
112.8 0.0849907
113 0.0875912
113.2 0.0903125
113.4 0.0931619
113.6 0.0961477
113.8 0.0992786
114 0.102564
114.2 0.106015
114.4 0.109641
114.6 0.113456
114.8 0.117472
115 0.121704
115.2 0.126167
115.4 0.130879
115.6 0.135857
115.8 0.141123
116 0.146699
116.2 0.15261
116.4 0.158881
116.6 0.165545
116.8 0.172632
117 0.18018
117.2 0.188229
117.4 0.196825
117.6 0.206016
117.8 0.215858
118 0.226415
118.2 0.237756
118.4 0.249958
118.6 0.263112
118.8 0.277316
119 0.292683
119.2 0.309342
119.4 0.327439
119.6 0.347142
119.8 0.368641
120 0.392157
120.2 0.417944
120.4 0.446296
120.6 0.477555
120.8 0.51212
121 0.550459
121.2 0.59312
121.4 0.640752
121.6 0.694123
121.8 0.754148
122 0.821918
122.2 0.898742
122.4 0.986193
122.6 1.08617
122.8 1.20096
123 1.33333
123.2 1.48662
123.4 1.66482
123.6 1.87266
123.8 2.11566
124 2.4
124.2 2.73224
124.4 3.1185
124.6 3.56295
124.8 4.06504
125 4.61538
125.2 5.19031
125.4 5.74713
125.6 6.22407
125.8 6.55022
126 6.66667
126.2 6.55022
126.4 6.22407
126.6 5.74713
126.8 5.19031
127 4.61538
127.2 4.06504
127.4 3.56295
127.6 3.1185
127.8 2.73224
128 2.4
128.2 2.11566
128.4 1.87266
128.6 1.66482
128.8 1.48662
129 1.33333
129.2 1.20096
129.4 1.08617
129.6 0.986193
129.8 0.898742
130 0.821918
130.2 0.754148
130.4 0.694123
130.6 0.640752
130.8 0.59312
131 0.550459
131.2 0.51212
131.4 0.477555
131.6 0.446296
131.8 0.417944
132 0.392157
132.2 0.368641
132.4 0.347142
132.6 0.327439
132.8 0.309342
133 0.292683
133.2 0.277316
133.4 0.263112
133.6 0.249958
133.8 0.237756
134 0.226415
134.2 0.215858
134.4 0.206016
134.6 0.196825
134.8 0.188229
135 0.18018
135.2 0.172632
135.4 0.165545
135.6 0.158881
135.8 0.15261
136 0.146699
136.2 0.141123
136.4 0.135857
136.6 0.130879
136.8 0.126167
137 0.121704
137.2 0.117472
137.4 0.113456
137.6 0.109641
137.8 0.106015
138 0.102564
138.2 0.0992786
138.4 0.0961477
138.6 0.0931619
138.8 0.0903125
139 0.0875912
139.2 0.0849907
139.4 0.0825037
139.6 0.0801239
139.8 0.0778452
140 0.075662
140.2 0.0735691
140.4 0.0715615
140.6 0.0696347
140.8 0.0677844
141 0.0660066
141.2 0.0642977
141.4 0.062654
141.6 0.0610724
141.8 0.0595498
142 0.0580833
142.2 0.0566701
142.4 0.0553077
142.6 0.0539937
142.8 0.0527259
143 0.0515021
143.2 0.0503204
143.4 0.0491787
143.6 0.0480754
143.8 0.0470087
144 0.045977
144.2 0.0449789
144.4 0.0440128
144.6 0.0430775
144.8 0.0421716
145 0.0412939
145.2 0.0404433
145.4 0.0396186
145.6 0.0388189
145.8 0.0380431
146 0.0372902
146.2 0.0365595
146.4 0.03585
146.6 0.0351609
146.8 0.0344915
147 0.0338409
147.2 0.0332086
147.4 0.0325938
147.6 0.0319959
147.8 0.0314143
148 0.0308483
148.2 0.0302975
148.4 0.0297613
148.6 0.0292392
148.8 0.0287307
149 0.0282353
149.2 0.0277526
149.4 0.0272822
149.6 0.0268236
149.8 0.0263764
150 0.0259403
150.2 0.025515
150.4 0.0251
150.6 0.024695
150.8 0.0242998
151 0.0239139
151.2 0.0235372
151.4 0.0231692
151.6 0.0228099
151.8 0.0224588
152 0.0221157
152.2 0.0217805
152.4 0.0214528
152.6 0.0211324
152.8 0.0208192
153 0.0205128
153.2 0.0202132
153.4 0.0199201
153.6 0.0196333
153.8 0.0193526
154 0.0190779
154.2 0.018809
154.4 0.0185458
154.6 0.018288
154.8 0.0180356
155 0.0177883
155.2 0.0175461
155.4 0.0173088
155.6 0.0170763
155.8 0.0168484
156 0.0166251
156.2 0.0164062
156.4 0.0161915
156.6 0.0159811
156.8 0.0157747
157 0.0155723
157.2 0.0153737
157.4 0.015179
157.6 0.0149879
157.8 0.0148003
158 0.0146163
158.2 0.0144357
158.4 0.0142584
158.6 0.0140844
158.8 0.0139135
159 0.0137457
159.2 0.0135809
159.4 0.0134191
159.6 0.0132601
159.8 0.013104
160 0.0129506
