0.5 0.5845 -0.212288 0.116195 -0.0756208
1 0.722482 -0.225355 0.119401 -0.0767978
1.5 0.669778 -0.139616 0.0662 -0.0407712
2 0.551927 -0.0159315 -0.00724134 0.0082112
2.5 0.426387 0.110755 -0.0790721 0.0552686
3 0.316226 0.222108 -0.13727 0.0921325
3.5 0.228012 0.310114 -0.176376 0.115075
4 0.16105 0.372907 -0.195152 0.123369
4.5 0.111976 0.412039 -0.194917 0.118163
5 0.0768946 0.430752 -0.178402 0.101666
5.5 0.0522759 0.432904 -0.148969 0.0765848
6 0.0352454 0.422347 -0.110103 0.0457336
6.5 0.0235981 0.402591 -0.0650984 0.0117831
7 0.0157063 0.376647 -0.0168826 -0.0228904
7.5 0.0104004 0.346984 0.0320733 -0.0562852
8 0.00685631 0.315546 0.0797758 -0.0868037
8.5 0.00450227 0.283809 0.124693 -0.113248
9 0.00294624 0.252847 0.165716 -0.134793
9.5 0.00192203 0.223401 0.202103 -0.150948
10 0.0012504 0.195949 0.23343 -0.161508
10.5 0.000811431 0.17076 0.259524 -0.166506
11 0.000525371 0.14795 0.28042 -0.166166
11.5 0.000339457 0.127522 0.296305 -0.16086
12 0.000218918 0.109399 0.307482 -0.151064
12.5 0.000140936 0.0934514 0.31433 -0.137324
13 9.05881e-05 0.079518 0.317277 -0.120229
13.5 5.81398e-05 0.0674208 0.316773 -0.100382
14 3.72638e-05 0.0569765 0.313276 -0.0783783
14.5 2.38525e-05 0.0480044 0.307233 -0.0547956
15 1.52492e-05 0.0403317 0.299071 -0.0301763
15.5 9.73857e-06 0.0337972 0.289191 -0.00502081
16 6.21386e-06 0.0282528 0.277961 0.0202185
16.5 3.96041e-06 0.0235645 0.265712 0.0451407
17 2.52026e-06 0.0196126 0.252742 0.0693975
17.5 1.60439e-06 0.016291 0.239311 0.0926934
18 1.02003e-06 0.0135068 0.225644 0.114784
18.5 6.4985e-07 0.0111787 0.211934 0.135472
19 4.10921e-07 0.00923664 0.198344 0.154607
19.5 2.61184e-07 0.00762001 0.185005 0.172081
20 1.67461e-07 0.00627704 0.172027 0.18782
20.5 1.04921e-07 0.00516351 0.159493 0.201787
21 6.62614e-08 0.00424187 0.14747 0.213973
21.5 4.10044e-08 0.00348033 0.136003 0.224395
22 2.64199e-08 0.00285207 0.125126 0.233091
22.5 1.74867e-08 0.00233455 0.114857 0.240117
23 1.01113e-08 0.00190885 0.105205 0.245545
23.5 6.47049e-09 0.00155915 0.096167 0.249457
24 4.19454e-09 0.00127224 0.0877365 0.251943
24.5 1.81848e-09 0.00103714 0.0798985 0.253103
25 8.51897e-10 0.000844716 0.0726341 0.253036
25.5 -5.37049e-10 0.000687389 0.0659208 0.251847
26 -1.37372e-09 0.000558894 0.0597335 0.249639
26.5 5.58701e-10 0.000454052 0.0540455 0.246517
27 -8.88861e-11 0.000368592 0.0488287 0.242579
27.5 7.74429e-10 0.000298995 0.0440547 0.237926
28 1.93307e-10 0.000242364 0.0396951 0.232649
28.5 -2.43307e-11 0.000196324 0.0357217 0.22684
29 1.21442e-09 0.000158924 0.0321071 0.220581
29.5 7.27761e-10 0.000128567 0.0288247 0.213952
30 2.39032e-10 0.000103944 0.0258489 0.207027
30.5 3.69246e-10 8.39863e-05 0.0231554 0.199874
31 1.19801e-10 6.78212e-05 0.0207211 0.192555
31.5 9.19251e-10 5.47367e-05 0.0185243 0.185127
32 -5.7294e-10 4.41532e-05 0.0165445 0.177643
32.5 -8.26855e-10 3.55978e-05 0.0147625 0.170147
33 3.41785e-10 2.8685e-05 0.0131608 0.162682
33.5 1.49668e-09 2.31031e-05 0.0117227 0.155285
34 6.22898e-10 1.85983e-05 0.010433 0.147986
34.5 1.53231e-10 1.49655e-05 0.00927769 0.140815
35 -6.30908e-10 1.20373e-05 0.00824389 0.133794
35.5 5.58169e-11 9.67744e-06 0.00731976 0.126945
36 -6.81063e-10 7.77691e-06 0.00649446 0.120283
36.5 -7.9915e-10 6.24676e-06 0.00575813 0.113823
37 -4.61631e-10 5.01586e-06 0.00510177 0.107576
37.5 7.29019e-10 4.02644e-06 0.00451721 0.101549
38 1.13071e-09 3.23037e-06 0.00399704 0.0957481
38.5 3.20936e-10 2.59043e-06 0.00353455 0.0901781
39 -9.26974e-10 2.07649e-06 0.00312367 0.0848405
39.5 -5.61937e-10 1.66465e-06 0.00275891 0.0797357
40 -1.75907e-11 1.33478e-06 0.00243534 0.0748626
40.5 2.36906e-10 1.06896e-06 0.00214851 0.0702189
41 -1.09937e-09 8.55157e-07 0.00189443 0.0658013
41.5 -1.86922e-10 6.84282e-07 0.00166951 0.0616053
42 -3.68614e-11 5.47888e-07 0.00147054 0.057626
42.5 6.60575e-11 4.39028e-07 0.00129462 0.0538576
43 -1.18834e-10 3.50608e-07 0.00113919 0.0502938
43.5 -5.82903e-10 2.79625e-07 0.00100195 0.046928
44 6.7285e-10 2.23384e-07 0.000880822 0.0437532
44.5 1.03707e-09 1.78464e-07 0.000773988 0.0407622
45 1.08033e-10 1.43046e-07 0.00067981 0.0379477
45.5 -5.99585e-10 1.14113e-07 0.000596833 0.0353021
46 -1.59315e-09 9.0944e-08 0.000523763 0.0328181
46.5 -2.70871e-10 7.27074e-08 0.000459449 0.0304881
47 -4.31201e-11 5.80562e-08 0.00040287 0.0283048
47.5 -7.07427e-10 4.66807e-08 0.000353119 0.026261
48 -3.1677e-10 3.68979e-08 0.000309393 0.0243495
48.5 1.11612e-09 2.84642e-08 0.000270979 0.0225633
49 4.73867e-10 2.26849e-08 0.000237248 0.0208957
49.5 -5.99429e-12 1.86571e-08 0.000207641 0.0193401
50 -1.82276e-09 1.59359e-08 0.000181664 0.0178902
50.5 -8.61943e-10 1.26482e-08 0.000158882 0.0165398
51 3.48019e-10 9.12921e-09 0.000138911 0.0152831
51.5 -4.11885e-10 7.37254e-09 0.00012141 0.0141144
52 -3.33391e-10 6.23266e-09 0.00010608 0.0130284
52.5 -3.90116e-10 5.12894e-09 9.26553e-05 0.0120199
53 3.12255e-10 3.71455e-09 8.09049e-05 0.011084
53.5 9.58254e-10 2.36359e-09 7.06231e-05 0.010216
54 -7.58913e-10 2.5573e-09 6.16299e-05 0.00941157
54.5 -4.00515e-11 2.07008e-09 5.37655e-05 0.00866649
55 7.27922e-10 1.13779e-09 4.68911e-05 0.00797678
55.5 1.19831e-09 5.52806e-10 4.08846e-05 0.00733871
56 -8.56361e-11 2.77775e-10 3.56378e-05 0.00674875
56.5 3.4088e-10 9.8165e-10 3.10559e-05 0.00620357
57 -2.83603e-10 1.0048e-09 2.70558e-05 0.00570005
57.5 1.71259e-09 8.02231e-10 2.35653e-05 0.00523524
58 5.06123e-10 1.08232e-09 2.05192e-05 0.0048064
58.5 8.71417e-10 5.79372e-10 1.78627e-05 0.00441093
59 9.17212e-10 4.33225e-10 1.55463e-05 0.00404641
59.5 4.7139e-10 2.11639e-10 1.35277e-05 0.00371058
60 -8.38048e-11 2.79361e-10 1.17682e-05 0.00340133
60.5 -1.38835e-09 1.16516e-09 1.02342e-05 0.00311667
61 -2.82765e-09 1.03835e-09 8.89896e-06 0.00285476
61.5 -1.12479e-09 1.28276e-09 7.73588e-06 0.00261388
62 -1.26522e-09 1.24243e-09 6.72356e-06 0.00239244
62.5 -6.96754e-10 8.18615e-10 5.84134e-06 0.00218893
63 -8.32197e-10 7.66294e-10 5.07358e-06 0.00200199
63.5 -2.61458e-10 9.37724e-12 4.40685e-06 0.00183032
64 -9.81172e-11 -2.75429e-10 3.82633e-06 0.00167272
64.5 6.46442e-10 -3.10494e-10 3.32187e-06 0.0015281
65 -2.59852e-10 -6.9483e-10 2.8826e-06 0.00139541
65.5 1.05774e-09 -8.56534e-11 2.50097e-06 0.0012737
66 9.09158e-10 -1.36191e-10 2.17003e-06 0.00116209
66.5 1.4348e-09 -2.64726e-10 1.8817e-06 0.00105977
67 1.86399e-09 -5.88886e-10 1.63219e-06 0.000965981
67.5 7.56883e-10 -1.1675e-09 1.41499e-06 0.000880013
68 7.10759e-10 -5.11286e-10 1.22653e-06 0.000801223
68.5 1.73967e-09 -2.21691e-10 1.06362e-06 0.000729013
69 4.35224e-10 -4.56275e-10 9.21433e-07 0.000662828
69.5 5.57503e-10 -4.23004e-10 7.98992e-07 0.000602157
70 -5.59171e-10 -5.61431e-10 6.91365e-07 0.000546525
70.5 -5.87166e-10 2.57796e-10 5.98243e-07 0.000495496
71 -5.31318e-10 1.38037e-10 5.17994e-07 0.000448666
71.5 -2.08162e-09 -9.19631e-10 4.4771e-07 0.000405659
72 -1.88796e-09 -9.64306e-10 3.87496e-07 0.000366129
72.5 -3.24359e-10 -5.87107e-10 3.33953e-07 0.000329754
73 -1.91268e-10 8.3092e-10 2.88106e-07 0.000296239
73.5 2.81973e-10 1.08708e-09 2.48113e-07 0.000265305
74 -1.37234e-10 5.94996e-11 2.12702e-07 0.000236695
74.5 -8.47972e-10 -2.41669e-10 1.82659e-07 0.000210171
75 7.07146e-10 -4.60206e-10 1.55547e-07 0.000185507
75.5 -1.16163e-09 -1.05584e-10 1.32323e-07 0.000162493
76 -1.27704e-09 -1.68164e-10 1.11439e-07 0.000140933
76.5 -1.48139e-10 -9.13202e-10 9.31235e-08 0.000120638
77 -7.37433e-10 -2.97573e-10 7.72219e-08 0.000101433
77.5 5.45639e-10 2.51375e-10 6.18596e-08 8.31482e-05
78 -4.23965e-10 9.13486e-10 4.77345e-08 6.56206e-05
78.5 -3.11471e-10 7.33012e-10 3.46664e-08 4.86938e-05
79 5.70992e-10 -3.53403e-10 2.30587e-08 3.22148e-05
79.5 -5.12842e-10 -3.92199e-10 1.17775e-08 1.60333e-05
