0 nan nan nan
0.05 1.00149 -0.012401 0.0500441
0.1 1.00111 0.0287847 0.100118
0.15 0.998457 0.0789252 0.150117
0.2 0.993052 0.139014 0.199917
0.25 0.984381 0.209568 0.249368
0.3 0.971926 0.290212 0.298292
0.35 0.95522 0.379164 0.34649
0.4 0.933932 0.472726 0.393738
0.45 0.907968 0.565003 0.439805
0.5 0.877583 -2.20187e-17 0.484461
0.55 0.843445 0.713668 0.5275
0.6 0.806636 0.754056 0.568761
0.65 0.768526 0.765469 0.608142
0.7 0.730553 0.749254 0.645615
0.75 0.693951 0.71213 0.681219
0.8 0.659514 0.664601 0.715045
0.85 0.627469 0.618333 0.747211
0.9 0.597486 0.583647 0.777832
0.95 0.568786 0.567967 0.806995
1 0.540302 1 0.83474
1.05 0.510841 0.60705 0.861047
1.1 0.479212 0.661764 0.885829
1.15 0.444328 0.736634 0.908942
1.2 0.405283 0.82741 0.930187
1.25 0.361413 0.928621 0.949328
1.3 0.312358 1.03359 0.966106
1.35 0.258121 1.13448 0.98026
1.4 0.199122 1.22257 0.991549
1.45 0.136228 1.28886 0.999771
1.5 0.0707372 1.33333 1.00479
1.55 0.00431379 1.32545 1.00653
1.6 -0.0611661 1.28739 1.00502
1.65 -0.123823 1.21334 1.00039
1.7 -0.182019 1.11054 0.992819
1.75 -0.234584 0.990264 0.98256
1.8 -0.280978 0.865988 0.969888
1.85 -0.321341 0.751144 0.955076
1.9 -0.356441 0.65707 0.938364
1.95 -0.387528 0.591627 0.919952
2 -0.416147 0.5 0.89999
2.05 -0.443936 0.558123 0.878584
2.1 -0.472446 0.586743 0.855803
2.15 -0.503 0.638697 0.831681
2.2 -0.536578 0.706353 0.806215
2.25 -0.57375 0.780888 0.779362
2.3 -0.614624 0.852836 0.751036
2.35 -0.658831 0.912665 0.721107
2.4 -0.705539 0.951452 0.689412
2.45 -0.7535 0.961688 0.655775
2.5 -0.801144 0.875 0.620025
2.55 -0.846718 0.87884 0.582028
2.6 -0.888456 0.785351 0.541704
2.65 -0.924773 0.663165 0.49904
2.7 -0.954439 0.521042 0.454088
2.75 -0.976727 0.369943 0.40695
2.8 -0.991479 0.221553 0.357757
2.85 -0.999109 0.0867293 0.30664
2.9 -1.00052 -0.0258204 0.253714
2.95 -0.996995 -0.110397 0.199066
3 -0.989992 -0.125 0.142766
3.05 -0.981023 -0.189441 0.0848847
3.1 -0.97148 -0.188418 0.0255261
3.15 -0.962516 -0.167371 -0.035137
3.2 -0.954956 -0.133563 -0.0968341
3.25 -0.949238 -0.0950505 -0.159176
3.3 -0.945393 -0.0600168 -0.221651
3.35 -0.94305 -0.0361287 -0.283629
3.4 -0.941484 -0.0299003 -0.344393
3.45 -0.939685 -0.0461016 -0.403167
3.5 -0.936457 -0.1 -0.459162
3.55 -0.930541 -0.153377 -0.511622
3.6 -0.920745 -0.241819 -0.559868
3.65 -0.906069 -0.347633 -0.603341
3.7 -0.885805 -0.464071 -0.641638
3.75 -0.859614 -0.583379 -0.674541
3.8 -0.827551 -0.697674 -0.70204
3.85 -0.79005 -0.799788 -0.724338
3.9 -0.747872 -0.88395 -0.741849
3.95 -0.702021 -0.946247 -0.755182
4 -0.653644 -0.964286 -0.765108
4.05 -0.603929 -0.999947 -0.772518
4.1 -0.554006 -0.993701 -0.778372
4.15 -0.504854 -0.96983 -0.783636
4.2 -0.457234 -0.933302 -0.789223
4.25 -0.411638 -0.889885 -0.795937
4.3 -0.368259 -0.845676 -0.804415
4.35 -0.326985 -0.806586 -0.815089
4.4 -0.287427 -0.777837 -0.828153
4.45 -0.248961 -0.763485 -0.843544
4.5 -0.210796 -0.767361 -0.860944
4.55 -0.172062 -0.786226 -0.879791
4.6 -0.131897 -0.822913 -0.899317
4.65 -0.0895421 -0.873246 -0.918588
4.7 -0.044416 -0.932938 -0.93657
4.75 0.00381954 -0.996681 -0.952192
4.8 0.0552222 -1.05863 -0.964425
4.85 0.109554 -1.11288 -0.972344
4.9 0.16629 -1.15397 -0.975193
4.95 0.224653 -1.17726 -0.972431
5 0.283662 -1.17614 -0.963768
5.05 0.342204 -1.15838 -0.949169
5.1 0.399113 -1.11424 -0.928864
5.15 0.45327 -1.04873 -0.903318
5.2 0.503692 -0.965576 -0.873202
5.25 0.549623 -0.870175 -0.839351
5.3 0.590616 -0.769231 -0.802704
5.35 0.626577 -0.670108 -0.764245
5.4 0.657779 -0.58008 -0.724935
5.45 0.684843 -0.505522 -0.685642
5.5 0.70867 -0.451923 -0.647074
5.55 0.730345 -0.419705 -0.609722
5.6 0.751026 -0.411273 -0.573814
5.65 0.771821 -0.42372 -0.539292
5.7 0.793675 -0.452734 -0.505813
5.75 0.817271 -0.492284 -0.472776
5.8 0.842959 -0.535134 -0.439376
5.85 0.870708 -0.57341 -0.404678
5.9 0.900091 -0.59919 -0.367699
5.95 0.930296 -0.605126 -0.327504
6 0.96017 -0.591667 -0.283296
6.05 0.988305 -0.535027 -0.234494
6.1 1.01314 -0.453327 -0.1808
6.15 1.03314 -0.341674 -0.12225
6.2 1.0469 -0.205139 -0.0592412
6.25 1.05337 -0.0520052 0.00746318
6.3 1.052 0.106985 0.0767535
6.35 1.04278 0.259878 0.147222
6.4 1.02631 0.395073 0.21724
6.45 1.00373 0.502865 0.285061
6.5 0.976588 0.566176 0.348946
6.55 0.946673 0.613754 0.4073
6.6 0.915808 0.615177 0.458806
6.65 0.885676 0.585479 0.502537
6.7 0.85766 0.531867 0.53803
6.75 0.832737 0.463387 0.56532
6.8 0.811401 0.390129 0.584921
6.85 0.79363 0.322544 0.597765
6.9 0.778882 0.27083 0.605115
6.95 0.766126 0.244302 0.608458
7 0.753902 0.243421 0.609395
7.05 0.740426 0.29501 0.609534
7.1 0.723739 0.378987 0.610393
7.15 0.701912 0.499692 0.613312
7.2 0.673285 0.649285 0.619371
7.25 0.636708 0.815298 0.629323
7.3 0.591743 0.982018 0.643544
7.35 0.538773 1.13279 0.662003
7.4 0.47898 1.25275 0.684271
7.45 0.414193 1.33123 0.70957
7.5 0.346635 1.35714 0.736868
7.55 0.278638 1.3494 0.765013
7.6 0.212367 1.29538 0.792889
7.65 0.149624 1.20997 0.819569
7.7 0.0917195 1.1036 0.844411
7.75 0.039432 0.987085 0.867101
7.8 -0.00699204 0.870723 0.887605
7.85 -0.0478014 0.763999 0.906065
7.9 -0.0836955 0.675459 0.92266
7.95 -0.115777 0.612681 0.937476
8 -0.1455 0.581522 0.950427
8.05 -0.174593 0.588025 0.961222
8.1 -0.204942 0.632243 0.969395
8.15 -0.23841 0.711873 0.974373
8.2 -0.276582 0.818491 0.975548
8.25 -0.320474 0.937852 0.97235
8.3 -0.370273 1.05152 0.96429
8.35 -0.425212 1.14047 0.950971
8.4 -0.483652 1.18959 0.932074
8.45 -0.543377 1.19134 0.907342
8.5 -0.602012 1.14063 0.876577
8.55 -0.657427 1.06436 0.839685
8.6 -0.708015 0.955866 0.796785
8.65 -0.75279 0.833882 0.748352
8.7 -0.791357 0.70905 0.695364
8.75 -0.823778 0.589111 0.639374
8.8 -0.850431 0.478871 0.582436
8.85 -0.871868 0.380721 0.526875
8.9 -0.888716 0.295326 0.474939
8.95 -0.901606 0.222256 0.428444
9 -0.91113 0.171875 0.388493
