-5 0.0384615 0.0384615 nan 0.0384615
-4.98 0.0387591 0.000568944 0.0383719 0.0388856
-4.96 0.0390601 -0.0340359 0.0382905 0.0393097
-4.94 0.0393645 -0.0655124 0.0382177 0.0397338
-4.92 0.0396725 -0.0940149 0.0381541 0.0401579
-4.9 0.039984 -0.119692 0.0381 0.0405819
-4.88 0.0402992 -0.14269 0.0380558 0.041006
-4.86 0.040618 -0.163146 0.0380222 0.0414301
-4.84 0.0409407 -0.181196 0.0379996 0.0418542
-4.82 0.0412671 -0.196971 0.0379885 0.0422782
-4.8 0.0415973 -0.210595 0.0379894 0.0427023
-4.78 0.0419315 -0.222191 0.0380029 0.0431264
-4.76 0.0422697 -0.231876 0.0380296 0.0435505
-4.74 0.0426119 -0.239762 0.0380701 0.0439746
-4.72 0.0429583 -0.245959 0.038125 0.0443986
-4.7 0.0433088 -0.250572 0.0381949 0.0448227
-4.68 0.0436635 -0.253701 0.0382804 0.0452468
-4.66 0.0440226 -0.255444 0.0383823 0.0456709
-4.64 0.0443861 -0.255895 0.0385011 0.0460949
-4.62 0.0447539 -0.255143 0.0386376 0.046519
-4.6 0.0451264 -0.253275 0.0387926 0.0469431
-4.58 0.0455034 -0.250374 0.0389667 0.0473672
-4.56 0.045885 -0.246519 0.0391607 0.0477913
-4.54 0.0462714 -0.241787 0.0393753 0.0482153
-4.52 0.0466627 -0.236251 0.0396113 0.0486394
-4.5 0.0470588 -0.229981 0.0398695 0.0490635
-4.48 0.0474599 -0.223044 0.0401507 0.0494876
-4.46 0.0478661 -0.215505 0.0404557 0.0499117
-4.44 0.0482775 -0.207424 0.0407853 0.0503357
-4.42 0.048694 -0.198861 0.0411402 0.0507598
-4.4 0.0491159 -0.189871 0.0415213 0.0511839
-4.38 0.0495432 -0.180507 0.0419294 0.051608
-4.36 0.049976 -0.170819 0.0423652 0.052032
-4.34 0.0504144 -0.160857 0.0428296 0.0524561
-4.32 0.0508585 -0.150665 0.0433233 0.0528802
-4.3 0.0513084 -0.140286 0.0438471 0.0533043
-4.28 0.0517641 -0.129763 0.0444016 0.0537284
-4.26 0.0522259 -0.119134 0.0449876 0.0541524
-4.24 0.0526937 -0.108435 0.0456057 0.0545765
-4.22 0.0531677 -0.0977018 0.0462565 0.0550006
-4.2 0.0536481 -0.086966 0.0469406 0.0554247
-4.18 0.0541348 -0.0762585 0.0476585 0.0558487
-4.16 0.0546281 -0.0656082 0.0484106 0.0562728
-4.14 0.055128 -0.0550419 0.0491973 0.0566969
-4.12 0.0556347 -0.0445846 0.050019 0.057121
-4.1 0.0561482 -0.03426 0.0508757 0.0575451
-4.08 0.0566688 -0.0240895 0.0517677 0.0579691
-4.06 0.0571965 -0.0140934 0.052695 0.0583932
-4.04 0.0577314 -0.00429028 0.0536574 0.0588173
-4.02 0.0582737 0.00530289 0.0546548 0.0592414
-4 0.0588235 0.0146705 0.0556867 0.0596654
-3.98 0.059381 0.0237982 0.0567529 0.0600895
-3.96 0.0599463 0.0326733 0.0578526 0.0605136
-3.94 0.0605195 0.0412842 0.058985 0.0609377
-3.92 0.0611008 0.0496205 0.0601494 0.0613618
-3.9 0.0616903 0.0576732 0.0613446 0.0617858
-3.88 0.0622882 0.0654344 0.0625693 0.0622118
-3.86 0.0628947 0.0728971 0.0638223 0.0626537
-3.84 0.0635098 0.0800556 0.0651019 0.0631145
-3.82 0.0641338 0.0869052 0.0664064 0.0635942
-3.8 0.0647668 0.0934422 0.067734 0.0640928
-3.78 0.0654091 0.0996637 0.0690825 0.0646103
-3.76 0.0660607 0.105568 0.0704497 0.0651466
-3.74 0.0667218 0.111153 0.0718334 0.0657019
-3.72 0.0673927 0.11642 0.0732309 0.066276
-3.7 0.0680735 0.121369 0.0746397 0.066869
-3.68 0.0687644 0.126001 0.0760569 0.067481
-3.66 0.0694657 0.130318 0.0774797 0.0681118
-3.64 0.0701774 0.134324 0.0789053 0.0687615
-3.62 0.0708999 0.13802 0.0803304 0.06943
-3.6 0.0716332 0.141411 0.081752 0.0701175
-3.58 0.0723778 0.144502 0.0831671 0.0708239
-3.56 0.0731336 0.147298 0.0845724 0.0715491
-3.54 0.0739011 0.149804 0.085965 0.0722933
-3.52 0.0746804 0.152027 0.0873415 0.0730563
-3.5 0.0754717 0.153972 0.0886992 0.0738382
-3.48 0.0762753 0.155647 0.0900349 0.074639
-3.46 0.0770915 0.157059 0.091346 0.0754587
-3.44 0.0779205 0.158216 0.0926295 0.0762973
-3.42 0.0787625 0.159126 0.0938831 0.0771548
-3.4 0.0796178 0.159797 0.0951043 0.0780311
-3.38 0.0804868 0.160237 0.0962909 0.0789264
-3.36 0.0813696 0.160456 0.0974409 0.0798405
-3.34 0.0822666 0.160463 0.0985525 0.0807736
-3.32 0.0831781 0.160267 0.0996243 0.0817255
-3.3 0.0841043 0.159877 0.100655 0.0826963
-3.28 0.0850456 0.159304 0.101643 0.083686
-3.26 0.0860023 0.158557 0.102589 0.0846946
-3.24 0.0869747 0.157646 0.10349 0.085722
-3.22 0.0879631 0.156581 0.104349 0.0867684
-3.2 0.088968 0.155372 0.105163 0.0878337
-3.18 0.0899896 0.154031 0.105934 0.0889178
-3.16 0.0910283 0.152566 0.106662 0.0900208
-3.14 0.0920844 0.150988 0.107349 0.0911427
-3.12 0.0931584 0.149309 0.107994 0.0922836
-3.1 0.0942507 0.147537 0.1086 0.0934433
-3.08 0.0953616 0.145684 0.109167 0.0946218
-3.06 0.0964916 0.143759 0.109698 0.0958193
-3.04 0.097641 0.141774 0.110195 0.0970357
-3.02 0.0988103 0.139738 0.110659 0.0982709
-3 0.1 0.137661 0.111093 0.0995251
-2.98 0.10121 0.135554 0.1115 0.100798
-2.96 0.102442 0.133426 0.111882 0.10209
-2.94 0.103696 0.131287 0.112242 0.103401
-2.92 0.104971 0.129148 0.112583 0.104731
-2.9 0.10627 0.127017 0.112907 0.106079
-2.88 0.107592 0.124905 0.113219 0.107447
-2.86 0.108937 0.12282 0.113521 0.108833
-2.84 0.110307 0.120772 0.113816 0.110238
-2.82 0.111702 0.118769 0.114108 0.111662
-2.8 0.113122 0.116821 0.114401 0.113105
-2.78 0.114569 0.114936 0.114698 0.114567
-2.76 0.116042 0.113123 0.115002 0.116058
-2.74 0.117542 0.111389 0.115317 0.117593
-2.72 0.11907 0.109744 0.115648 0.119172
-2.7 0.120627 0.108194 0.115997 0.120795
-2.68 0.122214 0.106747 0.116369 0.122462
-2.66 0.12383 0.105411 0.116767 0.124173
-2.64 0.125477 0.104192 0.117196 0.125929
-2.62 0.127155 0.103099 0.117658 0.127728
-2.6 0.128866 0.102136 0.118159 0.129572
-2.58 0.13061 0.101311 0.118702 0.13146
-2.56 0.132387 0.10063 0.119292 0.133392
-2.54 0.134199 0.100099 0.119931 0.135368
-2.52 0.136047 0.0997233 0.120626 0.137388
-2.5 0.137931 0.0995082 0.121379 0.139453
-2.48 0.139852 0.099459 0.122195 0.141561
-2.46 0.141812 0.0995805 0.123078 0.143714
-2.44 0.14381 0.0998774 0.124033 0.145911
-2.42 0.145849 0.100354 0.125064 0.148152
-2.4 0.147929 0.101014 0.126176 0.150437
-2.38 0.150051 0.101862 0.127373 0.152766
-2.36 0.152216 0.1029 0.128659 0.15514
-2.34 0.154426 0.104133 0.130039 0.157557
-2.32 0.156681 0.105563 0.131518 0.160019
-2.3 0.158983 0.107193 0.133101 0.162525
-2.28 0.161332 0.109026 0.134792 0.165075
-2.26 0.16373 0.111062 0.136596 0.167669
-2.24 0.166179 0.113305 0.138518 0.170307
-2.22 0.16868 0.115756 0.140564 0.17299
-2.2 0.171233 0.118417 0.142737 0.175716
-2.18 0.17384 0.121287 0.145043 0.178487
-2.16 0.176504 0.124369 0.147488 0.181302
-2.14 0.179224 0.127663 0.150075 0.184161
-2.12 0.182003 0.131168 0.152811 0.187064
-2.1 0.184843 0.134886 0.1557 0.190011
-2.08 0.187744 0.138815 0.158747 0.193002
-2.06 0.190709 0.142956 0.161957 0.196038
-2.04 0.193738 0.147308 0.165336 0.199117
-2.02 0.196835 0.151869 0.168888 0.202241
-2 0.2 0.156639 0.172618 0.205409
-1.98 0.203236 0.161616 0.176531 0.208621
-1.96 0.206543 0.166798 0.180632 0.211877
-1.94 0.209925 0.172184 0.184925 0.215178
-1.92 0.213383 0.177771 0.189414 0.218522
-1.9 0.21692 0.183557 0.194104 0.221911
-1.88 0.220536 0.189539 0.198998 0.225343
-1.86 0.224235 0.195715 0.204101 0.22882
-1.84 0.228019 0.202082 0.209415 0.232341
-1.82 0.231889 0.208635 0.214945 0.235907
-1.8 0.235849 0.215373 0.220692 0.239516
-1.78 0.2399 0.222291 0.22666 0.243169
-1.76 0.244045 0.229386 0.232849 0.246867
-1.74 0.248287 0.236653 0.239263 0.250609
-1.72 0.252627 0.244088 0.245901 0.254394
-1.7 0.257069 0.251688 0.252765 0.258224
-1.68 0.261616 0.259447 0.259855 0.262099
-1.66 0.266269 0.267361 0.267169 0.266025
-1.64 0.271032 0.275424 0.274707 0.270102
-1.62 0.275908 0.283633 0.282467 0.274362
-1.6 0.280899 0.291982 0.290447 0.278804
-1.58 0.286008 0.300465 0.298643 0.283429
-1.56 0.29124 0.309077 0.307052 0.288236
-1.54 0.296595 0.317812 0.315668 0.293225
-1.52 0.302078 0.326666 0.324486 0.298396
-1.5 0.307692 0.335632 0.333501 0.30375
-1.48 0.31344 0.344703 0.342705 0.309286
-1.46 0.319326 0.353875 0.352091 0.315005
-1.44 0.325351 0.363141 0.361649 0.320905
-1.42 0.331521 0.372494 0.371371 0.326988
-1.4 0.337838 0.381929 0.381246 0.333254
-1.38 0.344305 0.391439 0.391265 0.339701
-1.36 0.350926 0.401018 0.401414 0.346331
-1.34 0.357705 0.410658 0.411683 0.353144
-1.32 0.364644 0.420354 0.422059 0.360138
-1.3 0.371747 0.430098 0.432528 0.367315
-1.28 0.379018 0.439885 0.443076 0.374675
-1.26 0.386458 0.449706 0.45369 0.382216
-1.24 0.394073 0.459556 0.464355 0.38994
-1.22 0.401865 0.469427 0.475055 0.397846
-1.2 0.409836 0.479313 0.485776 0.405935
-1.18 0.41799 0.489207 0.496502 0.414206
-1.16 0.42633 0.499101 0.507218 0.422659
-1.14 0.434858 0.508989 0.517909 0.431295
-1.12 0.443577 0.518864 0.528559 0.440112
-1.1 0.452489 0.528719 0.539152 0.449112
-1.08 0.461595 0.538547 0.549675 0.458295
-1.06 0.470898 0.54834 0.560113 0.46766
-1.04 0.4804 0.558093 0.570451 0.477207
-1.02 0.4901 0.567798 0.580675 0.486936
-1 0.5 0.577448 0.590773 0.496848
-0.98 0.5101 0.587036 0.600731 0.506942
-0.96 0.5204 0.596556 0.610538 0.517218
-0.94 0.530898 0.606001 0.620182 0.527677
-0.92 0.541594 0.615364 0.629652 0.538318
-0.9 0.552486 0.624638 0.638939 0.549141
-0.88 0.563571 0.633817 0.648034 0.560147
-0.86 0.574845 0.642895 0.656928 0.571335
-0.84 0.586304 0.651864 0.665614 0.582705
-0.82 0.597943 0.660719 0.674084 0.594258
-0.8 0.609756 0.669452 0.682334 0.605993
-0.78 0.621736 0.678059 0.690358 0.61791
-0.76 0.633874 0.686533 0.698151 0.630009
-0.74 0.646162 0.694867 0.70571 0.642291
-0.72 0.658588 0.703056 0.713033 0.654755
-0.7 0.671141 0.711094 0.720117 0.667402
-0.68 0.683807 0.718975 0.726961 0.680231
-0.66 0.696573 0.726693 0.733565 0.693242
-0.64 0.709421 0.734244 0.739927 0.706435
-0.62 0.722335 0.741621 0.746048 0.719811
-0.6 0.735294 0.74882 0.75193 0.733369
-0.58 0.748279 0.755834 0.757574 0.74711
-0.56 0.761267 0.76266 0.762981 0.761032
-0.54 0.774234 0.769292 0.768155 0.774929
-0.52 0.787154 0.775726 0.773096 0.788337
-0.5 0.8 0.781957 0.77781 0.801239
-0.48 0.812744 0.78798 0.782298 0.813635
-0.46 0.825355 0.793792 0.786564 0.825525
-0.44 0.837802 0.799388 0.790611 0.836909
-0.42 0.850051 0.804763 0.794444 0.847787
-0.4 0.862069 0.809915 0.798066 0.858159
-0.38 0.87382 0.81484 0.801481 0.868025
-0.36 0.885269 0.819533 0.804692 0.877386
-0.34 0.896379 0.823992 0.807704 0.88624
-0.32 0.907112 0.828214 0.810521 0.894588
-0.3 0.917431 0.832195 0.813145 0.90243
-0.28 0.9273 0.835933 0.815582 0.909767
-0.26 0.93668 0.839424 0.817833 0.916597
-0.24 0.945537 0.842668 0.819904 0.922922
-0.22 0.953834 0.84566 0.821796 0.92874
-0.2 0.961538 0.848399 0.823513 0.934053
-0.18 0.968617 0.850884 0.825057 0.938859
-0.16 0.975039 0.853111 0.826432 0.94316
-0.14 0.980777 0.85508 0.82764 0.946955
-0.12 0.985804 0.85679 0.828682 0.950243
-0.1 0.990099 0.858239 0.82956 0.953026
-0.08 0.993641 0.859425 0.830277 0.955303
-0.06 0.996413 0.860349 0.830833 0.957074
-0.04 0.998403 0.86101 0.83123 0.958339
-0.02 0.9996 0.861406 0.831467 0.959098
-1.80342e-14 1 0.861538 0.831546 0.959351
0.02 0.9996 0.861406 0.831467 0.959098
0.04 0.998403 0.86101 0.83123 0.958339
0.06 0.996413 0.860349 0.830833 0.957074
0.08 0.993641 0.859425 0.830277 0.955303
0.1 0.990099 0.858239 0.82956 0.953026
0.12 0.985804 0.85679 0.828682 0.950243
0.14 0.980777 0.85508 0.82764 0.946955
0.16 0.975039 0.853111 0.826432 0.94316
0.18 0.968617 0.850884 0.825057 0.938859
0.2 0.961538 0.848399 0.823513 0.934053
0.22 0.953834 0.84566 0.821796 0.92874
0.24 0.945537 0.842668 0.819904 0.922922
0.26 0.93668 0.839424 0.817833 0.916597
0.28 0.9273 0.835933 0.815582 0.909767
0.3 0.917431 0.832195 0.813145 0.90243
0.32 0.907112 0.828214 0.810521 0.894588
0.34 0.896379 0.823992 0.807704 0.88624
0.36 0.885269 0.819533 0.804692 0.877386
0.38 0.87382 0.81484 0.801481 0.868025
0.4 0.862069 0.809915 0.798066 0.858159
0.42 0.850051 0.804763 0.794444 0.847787
0.44 0.837802 0.799388 0.790611 0.836909
0.46 0.825355 0.793792 0.786564 0.825525
0.48 0.812744 0.78798 0.782298 0.813635
0.5 0.8 0.781957 0.77781 0.801239
0.52 0.787154 0.775726 0.773096 0.788337
0.54 0.774234 0.769292 0.768155 0.774929
0.56 0.761267 0.76266 0.762981 0.761032
0.58 0.748279 0.755834 0.757574 0.74711
0.6 0.735294 0.74882 0.75193 0.733369
0.62 0.722335 0.741621 0.746048 0.719811
0.64 0.709421 0.734244 0.739927 0.706435
0.66 0.696573 0.726693 0.733565 0.693242
0.68 0.683807 0.718975 0.726961 0.680231
0.7 0.671141 0.711094 0.720117 0.667402
0.72 0.658588 0.703056 0.713033 0.654755
0.74 0.646162 0.694867 0.70571 0.642291
0.76 0.633874 0.686533 0.698151 0.630009
0.78 0.621736 0.678059 0.690358 0.61791
0.8 0.609756 0.669452 0.682334 0.605993
0.82 0.597943 0.660719 0.674084 0.594258
0.84 0.586304 0.651864 0.665614 0.582705
0.86 0.574845 0.642895 0.656928 0.571335
0.88 0.563571 0.633817 0.648034 0.560147
0.9 0.552486 0.624638 0.638939 0.549141
0.92 0.541594 0.615364 0.629652 0.538318
0.94 0.530898 0.606001 0.620182 0.527677
0.96 0.5204 0.596556 0.610538 0.517218
0.98 0.5101 0.587036 0.600731 0.506942
1 0.5 0.577448 0.590773 0.496848
1.02 0.4901 0.567798 0.580675 0.486936
1.04 0.4804 0.558093 0.570451 0.477207
1.06 0.470898 0.54834 0.560113 0.46766
1.08 0.461595 0.538547 0.549675 0.458295
1.1 0.452489 0.528719 0.539152 0.449112
1.12 0.443577 0.518864 0.528559 0.440112
1.14 0.434858 0.508989 0.517909 0.431295
1.16 0.42633 0.499101 0.507218 0.422659
1.18 0.41799 0.489207 0.496502 0.414206
1.2 0.409836 0.479313 0.485776 0.405935
1.22 0.401865 0.469427 0.475055 0.397846
1.24 0.394073 0.459556 0.464355 0.38994
1.26 0.386458 0.449706 0.45369 0.382216
1.28 0.379018 0.439885 0.443076 0.374675
1.3 0.371747 0.430098 0.432528 0.367315
1.32 0.364644 0.420354 0.422059 0.360138
1.34 0.357705 0.410658 0.411683 0.353144
1.36 0.350926 0.401018 0.401414 0.346331
1.38 0.344305 0.391439 0.391265 0.339701
1.4 0.337838 0.381929 0.381246 0.333254
1.42 0.331521 0.372494 0.371371 0.326988
1.44 0.325351 0.363141 0.361649 0.320905
1.46 0.319326 0.353875 0.352091 0.315005
1.48 0.31344 0.344703 0.342705 0.309286
1.5 0.307692 0.335632 0.333501 0.30375
1.52 0.302078 0.326666 0.324486 0.298396
1.54 0.296595 0.317812 0.315668 0.293225
1.56 0.29124 0.309077 0.307052 0.288236
1.58 0.286008 0.300465 0.298643 0.283429
1.6 0.280899 0.291982 0.290447 0.278804
1.62 0.275908 0.283633 0.282467 0.274362
1.64 0.271032 0.275424 0.274707 0.270102
1.66 0.266269 0.267361 0.267169 0.266025
1.68 0.261616 0.259447 0.259855 0.262099
1.7 0.257069 0.251688 0.252765 0.258224
1.72 0.252627 0.244088 0.245901 0.254394
1.74 0.248287 0.236653 0.239263 0.250609
1.76 0.244045 0.229386 0.232849 0.246867
1.78 0.2399 0.222291 0.22666 0.243169
1.8 0.235849 0.215373 0.220692 0.239516
1.82 0.231889 0.208635 0.214945 0.235907
1.84 0.228019 0.202082 0.209415 0.232341
1.86 0.224235 0.195715 0.204101 0.22882
1.88 0.220536 0.189539 0.198998 0.225343
1.9 0.21692 0.183557 0.194104 0.221911
1.92 0.213383 0.177771 0.189414 0.218522
1.94 0.209925 0.172184 0.184925 0.215178
1.96 0.206543 0.166798 0.180632 0.211877
1.98 0.203236 0.161616 0.176531 0.208621
2 0.2 0.156639 0.172618 0.205409
2.02 0.196835 0.151869 0.168888 0.202241
2.04 0.193738 0.147308 0.165336 0.199117
2.06 0.190709 0.142956 0.161957 0.196038
2.08 0.187744 0.138815 0.158747 0.193002
2.1 0.184843 0.134886 0.1557 0.190011
2.12 0.182003 0.131168 0.152811 0.187064
2.14 0.179224 0.127663 0.150075 0.184161
2.16 0.176504 0.124369 0.147488 0.181302
2.18 0.17384 0.121287 0.145043 0.178487
2.2 0.171233 0.118417 0.142737 0.175716
2.22 0.16868 0.115756 0.140564 0.17299
2.24 0.166179 0.113305 0.138518 0.170307
2.26 0.16373 0.111062 0.136596 0.167669
2.28 0.161332 0.109026 0.134792 0.165075
2.3 0.158983 0.107193 0.133101 0.162525
2.32 0.156681 0.105563 0.131518 0.160019
2.34 0.154426 0.104133 0.130039 0.157557
2.36 0.152216 0.1029 0.128659 0.15514
2.38 0.150051 0.101862 0.127373 0.152766
2.4 0.147929 0.101014 0.126176 0.150437
2.42 0.145849 0.100354 0.125064 0.148152
2.44 0.14381 0.0998774 0.124033 0.145911
2.46 0.141812 0.0995805 0.123078 0.143714
2.48 0.139852 0.099459 0.122195 0.141561
2.5 0.137931 0.0995082 0.121379 0.139453
2.52 0.136047 0.0997233 0.120626 0.137388
2.54 0.134199 0.100099 0.119931 0.135368
2.56 0.132387 0.10063 0.119292 0.133392
2.58 0.13061 0.101311 0.118702 0.13146
2.6 0.128866 0.102136 0.118159 0.129572
2.62 0.127155 0.103099 0.117658 0.127728
2.64 0.125477 0.104192 0.117196 0.125929
2.66 0.12383 0.105411 0.116767 0.124173
2.68 0.122214 0.106747 0.116369 0.122462
2.7 0.120627 0.108194 0.115997 0.120795
2.72 0.11907 0.109744 0.115648 0.119172
2.74 0.117542 0.111389 0.115317 0.117593
2.76 0.116042 0.113123 0.115002 0.116058
2.78 0.114569 0.114936 0.114698 0.114567
2.8 0.113122 0.116821 0.114401 0.113105
2.82 0.111702 0.118769 0.114108 0.111662
2.84 0.110307 0.120772 0.113816 0.110238
2.86 0.108937 0.12282 0.113521 0.108833
2.88 0.107592 0.124905 0.113219 0.107447
2.9 0.10627 0.127017 0.112907 0.106079
2.92 0.104971 0.129148 0.112583 0.104731
2.94 0.103696 0.131287 0.112242 0.103401
2.96 0.102442 0.133426 0.111882 0.10209
2.98 0.10121 0.135554 0.1115 0.100798
3 0.1 0.137661 0.111093 0.0995251
3.02 0.0988103 0.139738 0.110659 0.0982709
3.04 0.097641 0.141774 0.110195 0.0970357
3.06 0.0964916 0.143759 0.109698 0.0958193
3.08 0.0953616 0.145684 0.109167 0.0946218
3.1 0.0942507 0.147537 0.1086 0.0934433
3.12 0.0931584 0.149309 0.107994 0.0922836
3.14 0.0920844 0.150988 0.107349 0.0911427
3.16 0.0910283 0.152566 0.106662 0.0900208
3.18 0.0899896 0.154031 0.105934 0.0889178
3.2 0.088968 0.155372 0.105163 0.0878337
3.22 0.0879631 0.156581 0.104349 0.0867684
3.24 0.0869747 0.157646 0.10349 0.085722
3.26 0.0860023 0.158557 0.102589 0.0846946
3.28 0.0850456 0.159304 0.101643 0.083686
3.3 0.0841043 0.159877 0.100655 0.0826963
3.32 0.0831781 0.160267 0.0996243 0.0817255
3.34 0.0822666 0.160463 0.0985525 0.0807736
3.36 0.0813696 0.160456 0.0974409 0.0798405
3.38 0.0804868 0.160237 0.0962909 0.0789264
3.4 0.0796178 0.159797 0.0951043 0.0780311
3.42 0.0787625 0.159126 0.0938831 0.0771548
3.44 0.0779205 0.158216 0.0926295 0.0762973
3.46 0.0770915 0.157059 0.091346 0.0754587
3.48 0.0762753 0.155647 0.0900349 0.074639
3.5 0.0754717 0.153972 0.0886992 0.0738382
3.52 0.0746804 0.152027 0.0873415 0.0730563
3.54 0.0739011 0.149804 0.085965 0.0722933
3.56 0.0731336 0.147298 0.0845724 0.0715491
3.58 0.0723778 0.144502 0.0831671 0.0708239
3.6 0.0716332 0.141411 0.081752 0.0701175
3.62 0.0708999 0.13802 0.0803304 0.06943
3.64 0.0701774 0.134324 0.0789053 0.0687615
3.66 0.0694657 0.130318 0.0774797 0.0681118
3.68 0.0687644 0.126001 0.0760569 0.067481
3.7 0.0680735 0.121369 0.0746397 0.066869
3.72 0.0673927 0.11642 0.0732309 0.066276
3.74 0.0667218 0.111153 0.0718334 0.0657019
3.76 0.0660607 0.105568 0.0704497 0.0651466
3.78 0.0654091 0.0996637 0.0690825 0.0646103
3.8 0.0647668 0.0934422 0.067734 0.0640928
3.82 0.0641338 0.0869052 0.0664064 0.0635942
3.84 0.0635098 0.0800556 0.0651019 0.0631145
3.86 0.0628947 0.0728971 0.0638223 0.0626537
3.88 0.0622882 0.0654344 0.0625693 0.0622118
3.9 0.0616903 0.0576732 0.0613446 0.0617858
3.92 0.0611008 0.0496205 0.0601494 0.0613618
3.94 0.0605195 0.0412842 0.058985 0.0609377
3.96 0.0599463 0.0326733 0.0578526 0.0605136
3.98 0.059381 0.0237982 0.0567529 0.0600895
4 0.0588235 0.0146705 0.0556867 0.0596654
4.02 0.0582737 0.00530289 0.0546548 0.0592414
4.04 0.0577314 -0.00429028 0.0536574 0.0588173
4.06 0.0571965 -0.0140934 0.052695 0.0583932
4.08 0.0566688 -0.0240895 0.0517677 0.0579691
4.1 0.0561482 -0.03426 0.0508757 0.0575451
4.12 0.0556347 -0.0445846 0.050019 0.057121
4.14 0.055128 -0.0550419 0.0491973 0.0566969
4.16 0.0546281 -0.0656082 0.0484106 0.0562728
4.18 0.0541348 -0.0762585 0.0476585 0.0558487
4.2 0.0536481 -0.086966 0.0469406 0.0554247
4.22 0.0531677 -0.0977018 0.0462565 0.0550006
4.24 0.0526937 -0.108435 0.0456057 0.0545765
4.26 0.0522259 -0.119134 0.0449876 0.0541524
4.28 0.0517641 -0.129763 0.0444016 0.0537284
4.3 0.0513084 -0.140286 0.0438471 0.0533043
4.32 0.0508585 -0.150665 0.0433233 0.0528802
4.34 0.0504144 -0.160857 0.0428296 0.0524561
4.36 0.049976 -0.170819 0.0423652 0.052032
4.38 0.0495432 -0.180507 0.0419294 0.051608
4.4 0.0491159 -0.189871 0.0415213 0.0511839
4.42 0.048694 -0.198861 0.0411402 0.0507598
4.44 0.0482775 -0.207424 0.0407853 0.0503357
4.46 0.0478661 -0.215505 0.0404557 0.0499117
4.48 0.0474599 -0.223044 0.0401507 0.0494876
4.5 0.0470588 -0.229981 0.0398695 0.0490635
4.52 0.0466627 -0.236251 0.0396113 0.0486394
4.54 0.0462714 -0.241787 0.0393753 0.0482153
4.56 0.045885 -0.246519 0.0391607 0.0477913
4.58 0.0455034 -0.250374 0.0389667 0.0473672
4.6 0.0451264 -0.253275 0.0387926 0.0469431
4.62 0.0447539 -0.255143 0.0386376 0.046519
4.64 0.0443861 -0.255895 0.0385011 0.0460949
4.66 0.0440226 -0.255444 0.0383823 0.0456709
4.68 0.0436635 -0.253701 0.0382804 0.0452468
4.7 0.0433088 -0.250572 0.0381949 0.0448227
4.72 0.0429583 -0.245959 0.038125 0.0443986
4.74 0.0426119 -0.239762 0.0380701 0.0439746
4.76 0.0422697 -0.231876 0.0380296 0.0435505
4.78 0.0419315 -0.222191 0.0380029 0.0431264
4.8 0.0415973 -0.210595 0.0379894 0.0427023
4.82 0.0412671 -0.196971 0.0379885 0.0422782
4.84 0.0409407 -0.181196 0.0379996 0.0418542
4.86 0.040618 -0.163146 0.0380222 0.0414301
4.88 0.0402992 -0.14269 0.0380558 0.041006
4.9 0.039984 -0.119692 0.0381 0.0405819
4.92 0.0396725 -0.0940149 0.0381541 0.0401579
4.94 0.0393645 -0.0655124 0.0382177 0.0397338
4.96 0.0390601 -0.0340359 0.0382905 0.0393097
4.98 0.0387591 0.000568944 0.0383719 0.0388856
5 0.0384615 0.0384615 0.0384615 0.0384615
