100 0.0146175
100.2 0.0148449
100.4 0.0150776
100.6 0.0153158
100.8 0.0155598
101 0.0158096
101.2 0.0160654
101.4 0.0163275
101.6 0.0165961
101.8 0.0168714
102 0.0171535
102.2 0.0174428
102.4 0.0177395
102.6 0.0180438
102.8 0.018356
103 0.0186763
103.2 0.0190051
103.4 0.0193427
103.6 0.0196893
103.8 0.0200453
104 0.0204111
104.2 0.0207869
104.4 0.0211733
104.6 0.0215704
104.8 0.0219789
105 0.0223991
105.2 0.0228314
105.4 0.0232763
105.6 0.0237344
105.8 0.0242061
106 0.024692
106.2 0.0251926
106.4 0.0257087
106.6 0.0262407
106.8 0.0267894
107 0.0273555
107.2 0.0279397
107.4 0.0285428
107.6 0.0291656
107.8 0.029809
108 0.0304739
108.2 0.0311612
108.4 0.0318721
108.6 0.0326075
108.8 0.0333687
109 0.0341568
109.2 0.0349731
109.4 0.035819
109.6 0.0366959
109.8 0.0376053
110 0.038549
110.2 0.0395285
110.4 0.0405459
110.6 0.0416029
110.8 0.0427018
111 0.0438447
111.2 0.045034
111.4 0.0462723
111.6 0.0475623
111.8 0.0489069
112 0.0503092
112.2 0.0517726
112.4 0.0533007
112.6 0.0548972
112.8 0.0565665
113 0.0583129
113.2 0.0601412
113.4 0.0620567
113.6 0.064065
113.8 0.0661721
114 0.0683846
114.2 0.0707097
114.4 0.0731551
114.6 0.0757292
114.8 0.0784412
115 0.081301
115.2 0.0843196
115.4 0.087509
115.6 0.0908822
115.8 0.0944535
116 0.0982388
116.2 0.102255
116.4 0.106522
116.6 0.111061
116.8 0.115895
117 0.121049
117.2 0.126554
117.4 0.132441
117.6 0.138746
117.8 0.14551
118 0.152779
118.2 0.160602
118.4 0.169037
118.6 0.178151
118.8 0.188016
119 0.198718
119.2 0.210353
119.4 0.223031
119.6 0.23688
119.8 0.252046
120 0.268702
120.2 0.287046
120.4 0.307311
120.6 0.329772
120.8 0.354753
121 0.382638
121.2 0.413889
121.4 0.44906
121.6 0.488819
121.8 0.533984
122 0.585553
122.2 0.644763
122.4 0.71315
122.6 0.792644
122.8 0.885682
123 0.995376
123.2 1.12572
123.4 1.2819
123.6 1.47067
123.8 1.70086
124 1.98409
124.2 2.33544
124.4 2.77424
124.6 3.3241
124.8 4.01111
125 4.85714
125.2 5.86311
125.4 6.97674
125.6 8.05094
125.8 8.83508
126 9.06934
126.2 8.66265
126.4 7.7691
126.6 6.66257
126.8 5.56887
127 4.60517
127.2 3.80481
127.4 3.15852
127.6 2.64213
127.8 2.22985
128 1.89919
128.2 1.63207
128.4 1.41443
128.6 1.23552
128.8 1.08712
129 0.962983
129.2 0.85828
129.4 0.769289
129.6 0.693105
129.8 0.627445
130 0.570501
130.2 0.520826
130.4 0.477256
130.6 0.438848
130.8 0.404829
131 0.374566
131.2 0.347531
131.4 0.323287
131.6 0.301467
131.8 0.281762
132 0.263909
132.2 0.247686
132.4 0.232902
132.6 0.219393
132.8 0.207017
133 0.195652
133.2 0.185192
133.4 0.175544
133.6 0.166626
133.8 0.158367
134 0.150704
134.2 0.143581
134.4 0.136948
134.6 0.130763
134.8 0.124986
135 0.119582
135.2 0.114519
135.4 0.10977
135.6 0.105309
135.8 0.101114
136 0.0971635
136.2 0.0934394
136.4 0.0899247
136.6 0.0866041
136.8 0.0834635
137 0.0804901
137.2 0.0776725
137.4 0.0749998
137.6 0.0724624
137.8 0.0700513
138 0.0677583
138.2 0.0655758
138.4 0.0634968
138.6 0.0615149
138.8 0.0596242
139 0.0578191
139.2 0.0560947
139.4 0.0544461
139.6 0.0528689
139.8 0.0513592
140 0.0499132
140.2 0.0485272
140.4 0.0471981
140.6 0.0459228
140.8 0.0446984
141 0.0435222
141.2 0.0423918
141.4 0.0413048
141.6 0.040259
141.8 0.0392524
142 0.038283
142.2 0.037349
142.4 0.0364488
142.6 0.0355807
142.8 0.0347431
143 0.0339348
143.2 0.0331544
143.4 0.0324005
143.6 0.031672
143.8 0.0309678
144 0.0302867
144.2 0.0296279
144.4 0.0289903
144.6 0.0283731
144.8 0.0277753
145 0.0271963
145.2 0.0266351
145.4 0.0260911
145.6 0.0255636
145.8 0.0250519
146 0.0245554
146.2 0.0240735
146.4 0.0236056
146.6 0.0231513
146.8 0.0227099
147 0.022281
147.2 0.0218641
147.4 0.0214589
147.6 0.0210647
147.8 0.0206814
148 0.0203083
148.2 0.0199453
148.4 0.019592
148.6 0.0192479
148.8 0.0189128
149 0.0185864
149.2 0.0182683
149.4 0.0179584
149.6 0.0176562
149.8 0.0173616
150 0.0170743
150.2 0.0167941
150.4 0.0165208
150.6 0.016254
150.8 0.0159936
151 0.0157395
151.2 0.0154913
151.4 0.015249
151.6 0.0150123
151.8 0.0147811
152 0.0145552
152.2 0.0143344
152.4 0.0141186
152.6 0.0139076
152.8 0.0137014
153 0.0134996
153.2 0.0133023
153.4 0.0131093
153.6 0.0129205
153.8 0.0127357
154 0.0125548
154.2 0.0123778
154.4 0.0122045
154.6 0.0120348
154.8 0.0118686
155 0.0117058
155.2 0.0115464
155.4 0.0113901
155.6 0.0112371
155.8 0.0110871
156 0.01094
156.2 0.0107959
156.4 0.0106546
156.6 0.0105161
156.8 0.0103802
157 0.010247
157.2 0.0101163
157.4 0.00998812
157.6 0.00986233
157.8 0.00973891
158 0.00961779
158.2 0.00949891
158.4 0.00938222
158.6 0.00926767
158.8 0.0091552
159 0.00904477
159.2 0.00893632
159.4 0.00882981
159.6 0.0087252
159.8 0.00862243
160 0.00852146
