0 1 -0.221074 0
0.05 0.988828 -0.225826 0.0497217
0.1 0.977417 -0.230578 0.0988788
0.15 0.96577 -0.23533 0.147459
0.2 0.953884 -0.240083 0.195452
0.25 0.941761 -0.244835 0.242844
0.3 0.929401 -0.249587 0.289624
0.35 0.916803 -0.254339 0.33578
0.4 0.903967 -0.259092 0.3813
0.45 0.890894 -0.263844 0.426173
0.5 0.877583 -0.268596 0.470386
0.55 0.862123 -0.349789 0.513895
0.6 0.842604 -0.430982 0.55653
0.65 0.819025 -0.512175 0.598088
0.7 0.791386 -0.593368 0.638365
0.75 0.759688 -0.674561 0.677159
0.8 0.72393 -0.755753 0.714266
0.85 0.684113 -0.836946 0.749484
0.9 0.640236 -0.918139 0.78261
0.95 0.592299 -0.999332 0.81344
1 0.540302 -1.08052 0.841772
1.05 0.486983 -1.05225 0.867448
1.1 0.435078 -1.02397 0.890494
1.15 0.384586 -0.995688 0.91098
1.2 0.335509 -0.967409 0.928976
1.25 0.287845 -0.93913 0.944554
1.3 0.241596 -0.910851 0.957784
1.35 0.19676 -0.882572 0.968737
1.4 0.153339 -0.854293 0.977484
1.45 0.111331 -0.826015 0.984095
1.5 0.0707372 -0.797736 0.988641
1.55 0.0299703 -0.832942 0.991166
1.6 -0.012557 -0.868149 0.991608
1.65 -0.0568446 -0.903355 0.989881
1.7 -0.102893 -0.938562 0.985894
1.75 -0.150701 -0.973768 0.979562
1.8 -0.200269 -1.00897 0.970795
1.85 -0.251598 -1.04418 0.959506
1.9 -0.304687 -1.07939 0.945606
1.95 -0.359537 -1.11459 0.929008
2 -0.416147 -1.1498 0.909623
2.05 -0.471738 -1.07384 0.88741
2.1 -0.523531 -0.997878 0.862512
2.15 -0.571526 -0.921916 0.83512
2.2 -0.615722 -0.845955 0.805423
2.25 -0.656121 -0.769994 0.773611
2.3 -0.692722 -0.694032 0.739874
2.35 -0.725524 -0.618071 0.704402
2.4 -0.754529 -0.542109 0.667385
2.45 -0.779735 -0.466148 0.629013
2.5 -0.801144 -0.390187 0.589475
2.55 -0.82059 -0.387689 0.548931
2.6 -0.839912 -0.385191 0.507418
2.65 -0.85911 -0.382693 0.464942
2.7 -0.878182 -0.380196 0.421509
2.75 -0.897129 -0.377698 0.377126
2.8 -0.915952 -0.3752 0.331798
2.85 -0.934649 -0.372702 0.285533
2.9 -0.953222 -0.370204 0.238335
2.95 -0.97167 -0.367707 0.190213
3 -0.989992 -0.365209 0.141171
3.05 -1.00589 -0.270753 0.0912537
3.1 -1.01707 -0.176297 0.0406601
3.15 -1.02352 -0.0818406 -0.0103743
3.2 -1.02525 0.0126155 -0.0616133
3.25 -1.02226 0.107072 -0.112821
3.3 -1.01454 0.201528 -0.163761
3.35 -1.00211 0.295984 -0.214197
3.4 -0.984946 0.39044 -0.263893
3.45 -0.963063 0.484896 -0.312612
3.5 -0.936457 0.579352 -0.36012
3.55 -0.907558 0.576607 -0.40622
3.6 -0.878796 0.573862 -0.450878
3.65 -0.850172 0.571117 -0.494102
3.7 -0.821684 0.568371 -0.535898
3.75 -0.793334 0.565626 -0.576273
3.8 -0.765122 0.562881 -0.615233
3.85 -0.737046 0.560136 -0.652787
3.9 -0.709108 0.55739 -0.68894
3.95 -0.681307 0.554645 -0.7237
4 -0.653644 0.5519 -0.757073
4.05 -0.62438 0.618659 -0.789038
4.1 -0.591778 0.685418 -0.819456
4.15 -0.555838 0.752177 -0.84816
4.2 -0.51656 0.818937 -0.874984
4.25 -0.473944 0.885696 -0.89976
4.3 -0.42799 0.952455 -0.922323
4.35 -0.378699 1.01921 -0.942504
4.4 -0.326069 1.08597 -0.960137
4.45 -0.270101 1.15273 -0.975055
4.5 -0.210796 1.21949 -0.987091
4.55 -0.150974 1.17338 -0.996126
4.6 -0.0934582 1.12726 -1.00223
4.65 -0.038248 1.08115 -1.00551
4.7 0.0146564 1.03503 -1.00609
4.75 0.0652551 0.988916 -1.00408
4.8 0.113548 0.942801 -0.999603
4.85 0.159535 0.896686 -0.992767
4.9 0.203217 0.850571 -0.983688
4.95 0.244592 0.804456 -0.972483
5 0.283662 0.758341 -0.959267
5.05 0.322038 0.776676 -0.944129
5.1 0.36133 0.795011 -0.927048
5.15 0.401539 0.813345 -0.90798
5.2 0.442664 0.83168 -0.886879
5.25 0.484707 0.850015 -0.863699
5.3 0.527666 0.86835 -0.838393
5.35 0.571542 0.886685 -0.810917
5.4 0.616334 0.90502 -0.781224
5.45 0.662044 0.923355 -0.749268
5.5 0.70867 0.94169 -0.715004
5.55 0.753561 0.853952 -0.67843
5.6 0.794065 0.766214 -0.639721
5.65 0.830182 0.678476 -0.599097
5.7 0.861913 0.590739 -0.556776
5.75 0.889256 0.503001 -0.512979
5.8 0.912213 0.415263 -0.467924
5.85 0.930782 0.327526 -0.42183
5.9 0.944965 0.239788 -0.374918
5.95 0.954761 0.15205 -0.327407
6 0.96017 0.0643124 -0.279515
6.05 0.963229 0.0580169 -0.231429
6.1 0.965972 0.0517213 -0.183198
6.15 0.968401 0.0454258 -0.134837
6.2 0.970515 0.0391302 -0.0863631
6.25 0.972314 0.0328347 -0.037791
6.3 0.973798 0.0265391 0.0108631
6.35 0.974968 0.0202436 0.0595835
6.4 0.975822 0.013948 0.108355
6.45 0.976362 0.00765249 0.157161
6.5 0.976588 0.00135694 0.205986
6.55 0.974422 -0.0879886 0.254779
6.6 0.967789 -0.177334 0.303353
6.65 0.956688 -0.26668 0.351484
6.7 0.941121 -0.356025 0.398948
6.75 0.921086 -0.445371 0.445521
6.8 0.896584 -0.534716 0.490982
6.85 0.867614 -0.624062 0.535105
6.9 0.834178 -0.713407 0.577669
6.95 0.796274 -0.802753 0.618449
7 0.753902 -0.892098 0.657222
7.05 0.709685 -0.876586 0.693808
7.1 0.666244 -0.861073 0.728203
7.15 0.623578 -0.84556 0.760445
7.2 0.581688 -0.830047 0.790574
7.25 0.540573 -0.814534 0.818627
7.3 0.500234 -0.799021 0.844644
7.35 0.460671 -0.783508 0.868664
7.4 0.421884 -0.767995 0.890724
7.45 0.383872 -0.752482 0.910865
7.5 0.346635 -0.736969 0.929124
7.55 0.30855 -0.78643 0.945514
7.6 0.267992 -0.83589 0.959938
7.65 0.224961 -0.88535 0.972272
7.7 0.179457 -0.93481 0.982393
7.75 0.13148 -0.984271 0.990177
7.8 0.0810303 -1.03373 0.9955
7.85 0.0281072 -1.08319 0.998239
7.9 -0.0272889 -1.13265 0.998269
7.95 -0.0851579 -1.18211 0.995468
8 -0.1455 -1.23157 0.989712
8.05 -0.205486 -1.16786 0.980924
8.1 -0.262286 -1.10415 0.969217
8.15 -0.315901 -1.04044 0.954749
8.2 -0.366331 -0.976733 0.93768
8.25 -0.413575 -0.913024 0.918169
8.3 -0.457633 -0.849314 0.896375
8.35 -0.498506 -0.785604 0.872459
8.4 -0.536193 -0.721895 0.846578
8.45 -0.570695 -0.658185 0.818892
8.5 -0.602012 -0.594475 0.789561
8.55 -0.631854 -0.599228 0.758716
8.6 -0.661935 -0.60398 0.726372
8.65 -0.692252 -0.608732 0.692518
8.7 -0.722808 -0.613484 0.657143
8.75 -0.753601 -0.618237 0.620234
8.8 -0.784632 -0.622989 0.581779
8.85 -0.8159 -0.627741 0.541766
8.9 -0.847406 -0.632494 0.500185
8.95 -0.879149 -0.637246 0.457022
9 -0.91113 -0.641998 0.412266
