# x | Fp(x) | Fp'(x) | Fp''(x) | Fp_int(x) | g'(x)_true | g''(x)_true
   -1.000000       0.350630       0.246464      -9.827604       0.082374       0.192498     -10.180043
   -0.979798       0.353523       0.036035     -10.985211       0.089494      -0.021949     -11.033570
   -0.959596       0.351937      -0.196457     -12.005450       0.096628      -0.252562     -11.777042
   -0.939394       0.345458      -0.447861     -12.851557       0.103681      -0.496912     -12.390258
   -0.919192       0.333741      -0.714316     -13.490455       0.110551      -0.752172     -12.854047
   -0.898990       0.316525      -0.991345     -13.894247       0.117128      -1.015141     -13.150704
   -0.878788       0.293648      -1.273970     -14.041523       0.123301      -1.282281     -13.264426
   -0.858586       0.265050      -1.556856     -13.918414       0.128954      -1.549754     -13.181735
   -0.838384       0.230781      -1.834470     -13.519332       0.133972      -1.813480     -12.891877
   -0.818182       0.191003      -2.101252     -12.847345       0.138242      -2.069191     -12.387187
   -0.797980       0.145991      -2.351794     -11.914162       0.141654      -2.312497     -11.663416
   -0.777778       0.096125      -2.581006     -10.739685       0.144108      -2.538960     -10.719999
   -0.757576       0.041883      -2.784277      -9.351066       0.145509      -2.744170      -9.560265
   -0.737374      -0.016169      -2.957605      -7.781175       0.145774      -2.923825      -8.191580
   -0.717172      -0.077392      -3.097692      -6.066354       0.144834      -3.073813      -6.625414
   -0.696970      -0.141087      -3.201983      -4.243352       0.142631      -3.190293      -4.877321
   -0.676768      -0.206512      -3.268638      -2.345523       0.139122      -3.269782      -2.966847
   -0.656566      -0.272892      -3.296424      -0.398639       0.134280      -3.309229      -0.917344
   -0.636364      -0.339433      -3.284515       1.582827       0.128095      -3.306090       1.244304
   -0.616162      -0.405328      -3.232249       3.597629       0.120570      -3.258400       3.488029
   -0.595960      -0.469752      -3.138862       5.656328       0.111728      -3.164828       5.781015
   -0.575758      -0.531867      -3.003304       7.775339       0.101606      -3.024728       8.088204
   -0.555556      -0.590805      -2.824218       9.966380       0.090260      -2.838183      10.372867
   -0.535354      -0.645674      -2.600172      12.223119       0.077762      -2.606028      12.597235
   -0.515152      -0.695553      -2.330151      14.508811       0.064205      -2.329867      14.723167
   -0.494949      -0.739512      -2.014250      16.749914       0.049699      -2.012070      16.712855
   -0.474747      -0.776640      -1.654399      18.840124       0.034372      -1.655765      18.529550
   -0.454545      -0.806088      -1.254879      20.656504       0.018371      -1.264803      20.138279
   -0.434343      -0.827120      -0.822413      22.085059       0.001860      -0.843717      21.506563
   -0.414141      -0.839154      -0.365698      23.048619      -0.014987      -0.397668      22.605099
   -0.393939      -0.841798       0.105566      23.527591      -0.031982       0.067631      23.408397
   -0.373737      -0.834854       0.581928      23.565245      -0.048934       0.545995      23.895368
   -0.353535      -0.818306       1.055344      23.254119      -0.065649       1.030860      24.049829
   -0.333333      -0.792274       1.519902      22.706887      -0.081933       1.515391      23.860931
   -0.313131      -0.756981       1.971871      22.021067      -0.097598       1.992590      23.323485
   -0.292929      -0.712702       2.409078      21.249416      -0.112458       2.455411      22.438190
   -0.272727      -0.659755       2.829827      20.385746      -0.126336       2.896885      21.211740
   -0.252525      -0.598492       3.231729      19.370111      -0.139059       3.310237      19.656822
   -0.232323      -0.529333       3.610814      18.110345      -0.150464       3.689011      17.791993
   -0.212121      -0.452794       3.961172      16.511737      -0.160396       4.027181      15.641436
   -0.191919      -0.369530       4.275196      14.505047      -0.168713       4.319262      13.234600
   -0.171717      -0.280361       4.544305      12.065089      -0.175287       4.560416      10.605739
   -0.151515      -0.186282       4.759913       9.216515      -0.180008       4.746540       7.793340
   -0.131313      -0.088454       4.914393       6.027930      -0.182788       4.874345       4.839463
   -0.111111       0.011827       5.001841       2.598550      -0.183565       4.941423       1.789008
   -0.090909       0.113164       5.018532      -0.957547      -0.182303       4.946293      -1.311084
   -0.070707       0.214110       4.963075      -4.525442      -0.178996       4.888439      -4.412682
   -0.050505       0.313212       4.836321      -7.999473      -0.173665       4.768320      -7.467337
   -0.030303       0.409055       4.641110     -11.289024      -0.166363       4.587368     -10.427168
   -0.010101       0.500300       4.381939     -14.320825      -0.157168       4.347972     -13.245746
    0.010101       0.585711       4.064606     -17.039036      -0.146188       4.053435     -15.878943
    0.030303       0.664181       3.695874     -19.404207      -0.133550       3.707923     -18.285746
    0.050505       0.734743       3.283144     -21.391802      -0.119405       3.316393     -20.429008
    0.070707       0.796589       2.834179     -22.990570      -0.103922       2.884504     -22.276119
    0.090909       0.849065       2.356850     -24.200786      -0.087283       2.418528     -23.799590
    0.111111       0.891676       1.858922     -25.032291      -0.069683       1.925233     -24.977538
    0.131313       0.924084       1.347880     -25.502315      -0.051325       1.411770     -25.794053
    0.151515       0.946096       0.830810     -25.633137      -0.032416       0.885550     -26.239449
    0.171717       0.957656       0.314314     -25.449707      -0.013169       0.354113     -26.310395
    0.191919       0.958840      -0.195516     -24.977444       0.006207      -0.174994     -26.009912
    0.212121       0.949839      -0.693093     -24.240378       0.025504      -0.694352     -25.347260
    0.232323       0.930954      -1.173287     -23.259803       0.044518      -1.196788     -24.337687
    0.252525       0.902583      -1.631364     -22.053559       0.063054      -1.675496     -23.002081
    0.272727       0.865219      -2.062917     -20.635974       0.080925      -2.124144     -21.366507
    0.292929       0.819439      -2.463796     -19.018587       0.097956      -2.536975     -19.461650
    0.313131       0.765904      -2.830075     -17.212865       0.113982      -2.908893     -17.322182
    0.333333       0.705350      -3.158139     -15.241301       0.128854      -3.235537     -14.986060
    0.353535       0.638580      -3.445164     -13.164309       0.142439      -3.513338     -12.493769
    0.373737       0.566437      -3.689870     -11.055839       0.154619      -3.739568      -9.887537
    0.393939       0.489788      -3.890566      -8.733108       0.165295      -3.912358      -7.210531
    0.414141       0.409605      -4.036977      -5.577157       0.174385      -4.030718      -4.506048
    0.434343       0.327174      -4.110403      -1.686664       0.181829      -4.094523      -1.816727
    0.454545       0.244015      -4.112985       1.072662       0.187599      -4.104501       0.816208
    0.474747       0.161222      -4.080834       1.935920       0.191691      -4.062189       3.353655
    0.494949       0.079240      -4.030747       3.345530       0.194118      -3.969888       5.759287
    0.515152      -0.001304      -3.931741       6.683729       0.194902      -3.830601       8.000129
    0.535354      -0.079116      -3.759656      10.211553       0.194084      -3.647957      10.047048
    0.555556      -0.152801      -3.526969      12.647964       0.191734      -3.426134      11.875162
    0.575758      -0.221347      -3.253301      14.383883       0.187945      -3.169764      13.464149
    0.595960      -0.284030      -2.947263      15.884522       0.182830      -2.883844      14.798453
    0.616162      -0.340238      -2.612992      17.161952       0.176513      -2.573635      15.867400
    0.636364      -0.389452      -2.256029      18.118187       0.169130      -2.244564      16.665203
    0.656566      -0.431285      -1.883441      18.704776       0.160827      -1.902127      17.190886
    0.676768      -0.465497      -1.502848      18.910575       0.151756      -1.551792      17.448102
    0.696970      -0.492004      -1.121900      18.742109       0.142071      -1.198908      17.444882
    0.717172      -0.510874      -0.747988      18.218025       0.131928      -0.848621      17.193299
    0.737374      -0.522320      -0.388019      17.367432       0.121480      -0.505796      16.709075
    0.757576      -0.526687      -0.048218      16.228416       0.110872      -0.174947      16.011131
    0.777778      -0.524440       0.266036      14.846217       0.100244       0.139824      15.121090
    0.797980      -0.516140       0.550330      13.271167       0.089723       0.434873      14.062764
    0.818182      -0.502429       0.801304      11.556500       0.079426       0.707054      12.861606
    0.838384      -0.484004       1.016683       9.756148       0.069455       0.953750      11.544168
    0.858586      -0.461599       1.195270       7.922668       0.059897       1.172885      10.137562
    0.878788      -0.435960       1.336901       6.105368       0.050826       1.362931       8.668934
    0.898990      -0.407827       1.442361       4.348734       0.042299       1.522907       7.164967
    0.919192      -0.377915       1.513276       2.691202       0.034360       1.652361       5.651423
    0.939394      -0.346901       1.551978       1.164311       0.027038       1.751348       4.152722
    0.959596      -0.315407       1.561363      -0.207768       0.020347       1.820401       2.691572
    0.979798      -0.283991       1.544740      -1.408327       0.014293       1.860491       1.288659
    1.000000      -0.253144       1.505681      -2.427894       0.008869       1.872984      -0.037614
