0 1
0.05 1
0.15 1
0.25 1
0.35 1
0.45 1
0.55 1
0.65 1
0.75 1
0.85 1
0.95 1
1.05 1
1.15 1
1.25 1
1.35 1
1.45 1
1.55 1
1.65 1
1.75 1
1.85 1
1.95 1
2.05 1
2.15 1
2.25 1
2.35 1
2.45 1
2.55 1
2.65 1
2.75 1
2.85 1
2.95 1
3.05 1
3.15 1
3.25 1
3.35 1
3.45 1
3.55 1
3.65 1
3.75 1
3.85 1
3.95 1
4.05 1
4.15 1
4.25 1
4.35 1
4.45 1
4.55 1
4.65 1
4.75 1
4.85 1
4.95 1
5.05 1
5.15 1
5.25 1
5.35 1
5.45 1
5.55 1
5.65 1
5.75 1
5.85 1
5.95 1
6.05 1
6.15 1
6.25 1
6.35 1
6.45 1
6.55 1
6.65 1
6.75 1
6.85 1
6.95 1
7.05 1
7.15 1
7.25 1
7.35 1
7.45 1
7.55 1
7.65 1
7.75 1
7.85 1
7.95 1
8.05 1
8.15 1
8.25 1
8.35 1
8.45 1
8.55 1
8.65 1
8.75 1
8.85 1
8.95 1
9.05 1
9.15 1
9.25 1
9.35 1
9.45 1
9.55 1
9.65 1
9.75 1
9.85 1
9.95 1
10.05 1
10.15 1
10.25 1
10.35 1
10.45 1
10.55 1
10.65 1
10.75 1
10.85 1
10.95 1
11.05 1
11.15 1
11.25 1
11.35 1
11.45 1
11.55 1
11.65 1
11.75 1
11.85 1
11.95 1
12.05 1
12.15 1
12.25 1
12.35 1
12.45 1
12.55 1
12.65 1
12.75 1
12.85 1
12.95 1
13.05 1
13.15 1
13.25 1
13.35 1
13.45 1
13.55 1
13.65 1
13.75 1
13.85 1
13.95 1
14.05 1
14.15 1
14.25 1
14.35 1
14.45 1
14.55 1
14.65 1
14.75 1
14.85 1
14.95 1
15.05 1
15.15 1
15.25 1
15.35 1
15.45 1
15.55 1
15.65 1
15.75 1
15.85 1
15.95 1
16.05 1
16.15 1
16.25 1
16.35 1
16.45 1
16.55 1
16.65 1
16.75 1
16.85 1
16.95 1
17.05 1
17.15 1
17.25 1
17.35 1
17.45 1
17.55 1
17.65 1
17.75 1
17.85 1
17.95 1
18.05 1
18.15 1
18.25 1
18.35 1
18.45 1
18.55 1
18.65 1
18.75 1
18.85 1
18.95 1
19.05 1
19.15 1
19.25 1
19.35 1
19.45 1
19.55 1
19.65 1
19.75 1
19.85 1
19.95 1
20.05 1
20.15 1
20.25 1
20.35 1
20.45 1
20.55 1
20.65 1
20.75 1
20.85 1
20.95 1
21.05 1
21.15 1
21.25 1
21.35 1
21.45 1
21.55 1
21.65 1
21.75 1
21.85 1
21.95 1
22.05 1
22.15 1
22.25 1
22.35 1
22.45 1
22.55 1
22.65 1
22.75 1
22.85 1
22.95 1
23.05 1
23.15 1
23.25 1
23.35 1
23.45 1
23.55 1
23.65 1
23.75 1
23.85 1
23.95 1
24.05 1
24.15 1
24.25 1
24.35 1
24.45 1
24.55 1
24.65 1
24.75 1
24.85 1
24.95 1
25.05 1
25.15 1
25.25 1
25.35 1
25.45 1
25.55 1
25.65 1
25.75 1
25.85 1
25.95 1
26.05 1
26.15 1
26.25 1
26.35 1
26.45 1
26.55 1
26.65 1
26.75 1
26.85 1
26.95 1
27.05 1
27.15 1
27.25 1
27.35 1
27.45 1
27.55 1
27.65 1
27.75 1
27.85 1
27.95 1
28.05 1
28.15 1
28.25 1
28.35 1
28.45 1
28.55 1
28.65 1
28.75 1
28.85 1
28.95 1
29.05 1
29.15 1
29.25 1
29.35 1
29.45 1
29.55 1
29.65 1
29.75 1
29.85 1
29.95 1
30.05 1
30.15 1
30.25 1
30.35 1
30.45 1
30.55 1
30.65 1
30.75 1
30.85 1
30.95 1
31.05 1
31.15 1
31.25 1
31.35 1
31.45 1
31.55 1
31.65 1
31.75 1
31.85 1
31.95 1
32.05 1
32.15 1
32.25 1
32.35 1
32.45 1
32.55 1
32.65 1
32.75 1
32.85 1
32.95 1
33.05 1
33.15 1
33.25 1
33.35 1
33.45 1
33.55 1
33.65 1
33.75 1
33.85 1
33.95 1
34.05 1
34.15 1
34.25 1
34.35 1
34.45 1
34.55 1
34.65 1
34.75 1
34.85 1
34.95 1
35.05 1
35.15 1
35.25 1
35.35 1
35.45 1
35.55 1
35.65 1
35.75 1
35.85 1
35.95 1
36.05 1
36.15 1
36.25 1
36.35 1
36.45 1
36.55 1
36.65 1
36.75 1
36.85 1
36.95 1
37.05 1
37.15 1
37.25 1
37.35 1
37.45 1
37.55 1
37.65 1
37.6991 1
